#i	j	Z1	Z2	cov [1/(GV.m2.sr.s)^2]
#(zeros and redundant entries (covariance is symmetric) are omitted)
1	1	1	1	578167.813857
1	2	1	1	-183997.319638
1	3	1	1	65875.667290
1	4	1	1	-28528.717836
1	5	1	1	24256.334815
1	6	1	1	-8821.041696
1	7	1	1	23237.169457
1	8	1	1	-12193.116470
1	9	1	1	100646.317189
1	10	1	1	-33886.207773
1	11	1	1	163170.176377
1	12	1	1	27841.904423
1	13	1	1	77617.870685
1	14	1	1	56551.944780
1	15	1	1	186391.972664
1	16	1	1	144483.332256
1	17	1	1	16713.123525
1	18	1	1	100598.305312
1	19	1	1	51169.903287
1	20	1	1	72587.229181
1	21	1	1	130230.680730
1	22	1	1	51009.771684
1	23	1	1	80719.590220
1	25	1	1	-0.010519
1	32	1	2	13.503767
1	33	1	2	32.804021
1	34	1	2	20.711289
1	35	1	2	41.820900
1	36	1	2	28.278456
1	37	1	2	66.461199
1	38	1	2	61.808540
1	39	1	2	864.462461
1	40	1	2	231.394461
1	41	1	2	-1294.370752
1	42	1	2	4481.156732
1	43	1	2	-7805.845657
1	44	1	2	19644.811581
1	45	1	2	17001.138447
1	46	1	2	799.147956
1	47	1	2	6296.916093
1	48	1	2	13502.320508
1	49	1	2	-3210.948765
1	50	1	2	22023.568247
1	51	1	2	2015.385103
1	52	1	2	23654.670996
1	53	1	2	39395.536231
1	58	1	8	0.244835
1	59	1	8	-0.376548
1	60	1	8	0.842391
1	61	1	8	0.787709
1	62	1	8	1.169934
1	63	1	8	1.993354
1	64	1	8	2.005282
1	65	1	8	9.996048
1	66	1	8	41.142625
1	67	1	8	580.125570
1	68	1	8	78.582373
1	69	1	8	1134.915679
1	70	1	8	806.786569
1	71	1	8	1435.321709
1	72	1	8	411.103915
1	73	1	8	465.608934
1	75	1	8	391.816315
1	76	1	8	580.951675
1	77	1	8	1740.695088
1	78	1	8	845.844166
1	83	1	26	-0.011537
1	84	1	26	0.000845
1	85	1	26	-0.034703
1	86	1	26	-0.025120
1	87	1	26	0.051137
1	88	1	26	-5.828450
1	89	1	26	110.866635
1	90	1	26	-3.219605
1	91	1	26	125.991228
1	92	1	26	53.034807
1	93	1	26	80.836041
1	96	1	26	1.497213
1	97	1	26	0.003307
1	98	1	26	25.243768
2	2	1	1	105943.068713
2	3	1	1	-23509.807589
2	4	1	1	37466.862388
2	5	1	1	3548.421715
2	6	1	1	32073.026230
2	7	1	1	25933.212649
2	8	1	1	74962.118863
2	9	1	1	242209.500376
2	10	1	1	43137.043798
2	11	1	1	471192.894682
2	12	1	1	287732.180573
2	13	1	1	284544.491793
2	14	1	1	340524.641351
2	15	1	1	820072.233831
2	16	1	1	723477.856182
2	17	1	1	110114.263123
2	18	1	1	468059.243740
2	19	1	1	262145.960007
2	20	1	1	323243.807171
2	21	1	1	594071.467601
2	22	1	1	230862.169857
2	23	1	1	367514.850623
2	25	1	1	-0.049491
2	32	1	2	50.114799
2	33	1	2	120.119056
2	34	1	2	77.755064
2	35	1	2	151.899041
2	36	1	2	107.970289
2	37	1	2	235.249864
2	38	1	2	272.400413
2	39	1	2	2976.777669
2	40	1	2	1617.428659
2	41	1	2	-3216.535091
2	42	1	2	19861.112251
2	43	1	2	-39254.084683
2	44	1	2	77449.917840
2	45	1	2	73803.155670
2	46	1	2	2461.727425
2	47	1	2	25902.679756
2	48	1	2	62041.508237
2	49	1	2	-15468.531115
2	50	1	2	98271.555191
2	51	1	2	7561.201121
2	52	1	2	106534.272652
2	53	1	2	177822.063088
2	58	1	8	0.965559
2	59	1	8	-1.468822
2	60	1	8	3.257259
2	61	1	8	2.966079
2	62	1	8	4.610507
2	63	1	8	7.336628
2	64	1	8	8.783435
2	65	1	8	32.579888
2	66	1	8	193.745571
2	67	1	8	2283.060149
2	68	1	8	1074.301456
2	69	1	8	4428.713911
2	70	1	8	3854.246581
2	71	1	8	6178.487631
2	72	1	8	1829.677663
2	73	1	8	1966.002862
2	75	1	8	1629.640827
2	76	1	8	2418.136392
2	77	1	8	7612.531568
2	78	1	8	3772.409607
2	83	1	26	-0.021372
2	84	1	26	0.018478
2	85	1	26	-0.044192
2	86	1	26	0.111008
2	87	1	26	-0.388046
2	88	1	26	-4.548252
2	89	1	26	447.513467
2	90	1	26	-20.166279
2	91	1	26	547.882625
2	92	1	26	220.797104
2	93	1	26	356.526188
2	96	1	26	6.341776
2	97	1	26	0.014657
2	98	1	26	110.159716
3	3	1	1	31394.291136
3	4	1	1	-2918.354712
3	5	1	1	19404.589319
3	6	1	1	8662.914420
3	7	1	1	29528.222618
3	8	1	1	26107.165657
3	9	1	1	190525.562913
3	10	1	1	-5580.892222
3	11	1	1	345659.334356
3	12	1	1	156363.177164
3	13	1	1	192803.017052
3	14	1	1	203040.221859
3	15	1	1	527235.382592
3	16	1	1	449926.722368
3	17	1	1	64459.953485
3	18	1	1	296512.927026
3	19	1	1	162126.134125
3	20	1	1	207146.056942
3	21	1	1	378281.445201
3	22	1	1	147310.160106
3	23	1	1	234136.839844
3	25	1	1	-0.031263
3	32	1	2	33.813282
3	33	1	2	81.382784
3	34	1	2	52.277684
3	35	1	2	103.174303
3	36	1	2	72.222512
3	37	1	2	161.092079
3	38	1	2	174.859931
3	39	1	2	2056.500672
3	40	1	2	936.853571
3	41	1	2	-2491.688274
3	42	1	2	12746.600156
3	43	1	2	-24385.238830
3	44	1	2	51348.656424
3	45	1	2	47623.412429
3	46	1	2	1764.485327
3	47	1	2	16966.902200
3	48	1	2	39430.319763
3	49	1	2	-9712.066882
3	50	1	2	62942.188798
3	51	1	2	5087.498674
3	52	1	2	68068.119071
3	53	1	2	113545.581540
3	58	1	8	0.640311
3	59	1	8	-0.977169
3	60	1	8	2.172565
3	61	1	8	1.994025
3	62	1	8	3.058119
3	63	1	8	4.966405
3	64	1	8	5.656085
3	65	1	8	22.924007
3	66	1	8	122.416061
3	67	1	8	1514.070286
3	68	1	8	564.490718
3	69	1	8	2944.859133
3	70	1	8	2425.022616
3	71	1	8	3995.684974
3	72	1	8	1172.639756
3	73	1	8	1278.184485
3	75	1	8	1063.794428
3	76	1	8	1578.257664
3	77	1	8	4901.877749
3	78	1	8	2416.514859
3	83	1	26	-0.018817
3	84	1	26	0.009304
3	85	1	26	-0.047183
3	86	1	26	0.032842
3	87	1	26	-0.142330
3	88	1	26	-6.585980
3	89	1	26	294.692109
3	90	1	26	-11.939511
3	91	1	26	353.350434
3	92	1	26	144.115603
3	93	1	26	229.063079
3	96	1	26	4.119479
3	97	1	26	0.009405
3	98	1	26	70.977885
4	4	1	1	40978.037616
4	5	1	1	711.973904
4	6	1	1	35373.240746
4	7	1	1	24116.701053
4	8	1	1	81798.617472
4	9	1	1	241927.490280
4	10	1	1	51489.674409
4	11	1	1	475989.923049
4	12	1	1	302281.572311
4	13	1	1	290824.834117
4	14	1	1	353922.830443
4	15	1	1	844210.389888
4	16	1	1	748002.548620
4	17	1	1	114698.680324
4	18	1	1	482772.192011
4	19	1	1	271223.152083
4	20	1	1	332899.533982
4	21	1	1	612333.205488
4	22	1	1	237893.331349
4	23	1	1	378786.921064
4	25	1	1	-0.051066
4	32	1	2	51.259680
4	33	1	2	122.790309
4	34	1	2	79.571437
4	35	1	2	155.220731
4	36	1	2	110.572519
4	37	1	2	240.111393
4	38	1	2	280.563432
4	39	1	2	3034.368051
4	40	1	2	1686.738911
4	41	1	2	-3223.688163
4	42	1	2	20448.141256
4	43	1	2	-40591.488856
4	44	1	2	79398.434900
4	45	1	2	75937.439534
4	46	1	2	2495.588519
4	47	1	2	26597.353088
4	48	1	2	63964.773656
4	49	1	2	-15973.706031
4	50	1	2	101214.330465
4	51	1	2	7735.594647
4	52	1	2	109758.958164
4	53	1	2	183221.009680
4	58	1	8	0.989772
4	59	1	8	-1.504995
4	60	1	8	3.336291
4	61	1	8	3.034729
4	62	1	8	4.725980
4	63	1	8	7.499206
4	64	1	8	9.039370
4	65	1	8	33.117872
4	66	1	8	199.886501
4	67	1	8	2340.599055
4	68	1	8	1132.710435
4	69	1	8	4538.423921
4	70	1	8	3978.983579
4	71	1	8	6355.431259
4	72	1	8	1884.332168
4	73	1	8	2020.884550
4	75	1	8	1674.295113
4	76	1	8	2484.414587
4	77	1	8	7835.075932
4	78	1	8	3885.307660
4	83	1	26	-0.020929
4	84	1	26	0.019578
4	85	1	26	-0.041516
4	86	1	26	0.122531
4	87	1	26	-0.422687
4	88	1	26	-3.900550
4	89	1	26	459.202199
4	90	1	26	-20.970878
4	91	1	26	563.776938
4	92	1	26	226.841399
4	93	1	26	367.053473
4	96	1	26	6.519612
4	97	1	26	0.015093
4	98	1	26	113.370491
5	5	1	1	41475.404637
5	6	1	1	-594.964652
5	7	1	1	56450.400477
5	8	1	1	11056.059740
5	9	1	1	311795.189989
5	10	1	1	-47401.664339
5	11	1	1	541423.888496
5	12	1	1	188139.084258
5	13	1	1	285449.286043
5	14	1	1	269497.380219
5	15	1	1	748660.407894
5	16	1	1	620880.271085
5	17	1	1	84049.042292
5	18	1	1	415823.314757
5	19	1	1	222629.586757
5	20	1	1	293362.452573
5	21	1	1	532833.949343
5	22	1	1	207865.885402
5	23	1	1	329940.556303
5	25	1	1	-0.043737
5	32	1	2	49.851485
5	33	1	2	120.371002
5	34	1	2	76.861172
5	35	1	2	152.899930
5	36	1	2	105.758514
5	37	1	2	240.223993
5	38	1	2	247.498001
5	39	1	2	3087.231528
5	40	1	2	1207.858258
5	41	1	2	-4026.974111
5	42	1	2	18093.541755
5	43	1	2	-33607.930629
5	44	1	2	74768.520305
5	45	1	2	67837.850888
5	46	1	2	2723.288294
5	47	1	2	24473.043295
5	48	1	2	55449.958035
5	49	1	2	-13511.682555
5	50	1	2	89098.017332
5	51	1	2	7492.984099
5	52	1	2	96160.815972
5	53	1	2	160317.223823
5	58	1	8	0.932412
5	59	1	8	-1.426517
5	60	1	8	3.178007
5	61	1	8	2.934708
5	62	1	8	4.453955
5	63	1	8	7.347944
5	64	1	8	8.042984
5	65	1	8	34.893303
5	66	1	8	171.309538
5	67	1	8	2203.939787
5	68	1	8	652.313745
5	69	1	8	4296.869436
5	70	1	8	3380.711541
5	71	1	8	5701.352318
5	72	1	8	1660.721169
5	73	1	8	1831.679209
5	75	1	8	1529.130133
5	76	1	8	2268.492748
5	77	1	8	6969.260770
5	78	1	8	3421.090450
5	83	1	26	-0.032695
5	84	1	26	0.010115
5	85	1	26	-0.089169
5	86	1	26	0.000618
5	87	1	26	-0.072601
5	88	1	26	-13.709990
5	89	1	26	426.716607
5	90	1	26	-15.779773
5	91	1	26	503.040717
5	92	1	26	207.176116
5	93	1	26	325.078851
5	96	1	26	5.898626
5	97	1	26	0.013332
5	98	1	26	100.962275
6	6	1	1	66042.844485
6	7	1	1	1974.232196
6	8	1	1	157395.699727
6	9	1	1	217416.289002
6	10	1	1	147427.085851
6	11	1	1	491588.359830
6	12	1	1	450528.198762
6	13	1	1	340765.678900
6	14	1	1	483807.830971
6	15	1	1	1060021.226571
6	16	1	1	976914.763270
6	17	1	1	159603.442489
6	18	1	1	617099.597609
6	19	1	1	356413.102465
6	20	1	1	419545.606744
6	21	1	1	777833.531985
6	22	1	1	301405.025467
6	23	1	1	480852.739123
6	25	1	1	-0.065480
6	32	1	2	60.713597
6	33	1	2	144.560489
6	34	1	2	94.728591
6	35	1	2	182.063865
6	36	1	2	132.595025
6	37	1	2	278.217400
6	38	1	2	355.723724
6	39	1	2	3468.564124
6	40	1	2	2381.179744
6	41	1	2	-3069.707662
6	42	1	2	25587.422297
6	43	1	2	-53151.277424
6	44	1	2	95731.485747
6	45	1	2	94868.556895
6	46	1	2	2659.459411
6	47	1	2	32556.369918
6	48	1	2	81439.200383
6	49	1	2	-20659.213022
6	50	1	2	127652.417006
6	51	1	2	9145.331563
6	52	1	2	138816.142057
6	53	1	2	231930.808684
6	58	1	8	1.194955
6	59	1	8	-1.809211
6	60	1	8	3.996726
6	61	1	8	3.596369
6	62	1	8	5.704040
6	63	1	8	8.801784
6	64	1	8	11.333570
6	65	1	8	36.697270
6	66	1	8	256.429916
6	67	1	8	2828.349498
6	68	1	8	1733.921729
6	69	1	8	5457.851089
6	70	1	8	5127.337705
6	71	1	8	7922.441117
6	72	1	8	2375.167536
6	73	1	8	2502.933879
6	75	1	8	2064.839238
6	76	1	8	3063.830590
6	77	1	8	9820.414560
6	78	1	8	4899.319508
6	83	1	26	-0.013904
6	84	1	26	0.031255
6	85	1	26	-0.005915
6	86	1	26	0.251792
6	87	1	26	-0.812509
6	88	1	26	4.320391
6	89	1	26	559.326619
6	90	1	26	-28.626229
6	91	1	26	705.284568
6	92	1	26	279.611584
6	93	1	26	461.291175
6	96	1	26	8.087808
6	97	1	26	0.018997
6	98	1	26	142.018792
7	7	1	1	184184.389852
7	8	1	1	-110033.095183
7	9	1	1	979071.504587
7	10	1	1	-321717.161655
7	11	1	1	1593192.828067
7	12	1	1	288376.427087
7	13	1	1	761132.774048
7	14	1	1	565699.729959
7	15	1	1	1840556.180454
7	16	1	1	1433961.883263
7	17	1	1	169474.189730
7	18	1	1	995686.024444
7	19	1	1	508709.308790
7	20	1	1	718509.659072
7	21	1	1	1288694.665268
7	22	1	1	504955.962602
7	23	1	1	798956.948283
7	25	1	1	-0.104347
7	32	1	2	128.969689
7	33	1	2	313.714753
7	34	1	2	197.577017
7	35	1	2	400.253151
7	36	1	2	269.339423
7	37	1	2	637.923190
7	38	1	2	577.315455
7	39	1	2	8320.312147
7	40	1	2	2241.390434
7	41	1	2	-11685.710865
7	42	1	2	45982.580571
7	43	1	2	-76686.731248
7	44	1	2	194485.803345
7	45	1	2	168364.299606
7	46	1	2	8061.741196
7	47	1	2	62774.398965
7	48	1	2	133642.211438
7	49	1	2	-31511.114091
7	50	1	2	217862.794705
7	51	1	2	19869.660916
7	52	1	2	234396.985493
7	53	1	2	390044.088141
7	58	1	8	2.402018
7	59	1	8	-3.693132
7	60	1	8	8.260116
7	61	1	8	7.718431
7	62	1	8	11.477862
7	63	1	8	19.520321
7	64	1	8	19.734519
7	65	1	8	97.589649
7	66	1	8	406.008453
7	67	1	8	5653.051621
7	68	1	8	848.891255
7	69	1	8	11144.656621
7	70	1	8	7989.456243
7	71	1	8	14153.870925
7	72	1	8	4059.845582
7	73	1	8	4581.878817
7	75	1	8	3831.126541
7	76	1	8	5689.258119
7	77	1	8	17163.506808
7	78	1	8	8368.534324
7	83	1	26	-0.108657
7	84	1	26	0.005607
7	85	1	26	-0.329450
7	86	1	26	-0.263210
7	87	1	26	0.674818
7	88	1	26	-57.739374
7	89	1	26	1091.109444
7	90	1	26	-35.502470
7	91	1	26	1241.598398
7	92	1	26	520.725545
7	93	1	26	797.795632
7	96	1	26	14.680521
7	97	1	26	0.032665
7	98	1	26	248.497994
8	8	1	1	924609.622498
8	9	1	1	-727293.889267
8	10	1	1	1498312.118719
8	11	1	1	-444965.515150
8	12	1	1	1986182.187254
8	13	1	1	396027.459650
8	14	1	1	1611148.482955
8	15	1	1	2302134.501298
8	16	1	1	2656892.103860
8	17	1	1	562817.192019
8	18	1	1	1494577.723907
8	19	1	1	997625.281507
8	20	1	1	928025.895351
8	21	1	1	1812671.407623
8	22	1	1	690208.686319
8	23	1	1	1115329.025395
8	25	1	1	-0.160786
8	32	1	2	92.457957
8	33	1	2	205.602569
8	34	1	2	152.251814
8	35	1	2	247.668920
8	36	1	2	228.853743
8	37	1	2	320.476039
8	38	1	2	935.798345
8	39	1	2	3186.669424
8	40	1	2	9278.749742
8	41	1	2	4583.397851
8	42	1	2	48202.665058
8	43	1	2	-149240.866725
8	44	1	2	146911.626894
8	45	1	2	197277.277269
8	46	1	2	-2008.011880
8	47	1	2	56200.350124
8	48	1	2	192372.112224
8	49	1	2	-54462.926844
8	50	1	2	284190.375021
8	51	1	2	11528.008437
8	52	1	2	313502.500628
8	53	1	2	527835.614963
8	58	1	8	1.954221
8	59	1	8	-2.843086
8	60	1	8	6.072151
8	61	1	8	4.877594
8	62	1	8	9.303742
8	63	1	8	10.644508
8	64	1	8	24.786984
8	65	1	8	11.145299
8	66	1	8	643.692089
8	67	1	8	4732.890951
8	68	1	8	8146.399481
8	69	1	8	8477.517198
8	70	1	8	12997.171951
8	71	1	8	16403.628522
8	72	1	8	5288.316701
8	73	1	8	4972.017905
8	75	1	8	4048.333722
8	76	1	8	5977.679571
8	77	1	8	21133.785398
8	78	1	8	10891.140791
8	83	1	26	0.137483
8	84	1	26	0.174497
8	85	1	26	0.632031
8	86	1	26	2.039360
8	87	1	26	-6.432664
8	88	1	26	146.348940
8	89	1	26	971.221816
8	90	1	26	-84.498435
8	91	1	26	1500.486015
8	92	1	26	538.980668
8	93	1	26	1008.894897
8	96	1	26	16.433206
8	97	1	26	0.041881
8	98	1	26	305.862805
9	9	1	1	13522858.805564
9	10	1	1	-6086644.166947
9	11	1	1	21604397.458336
9	12	1	1	1272479.338305
9	13	1	1	9544258.785317
9	14	1	1	5411982.367663
9	15	1	1	21368811.056324
9	16	1	1	15543053.071039
9	17	1	1	1522035.279709
9	18	1	1	11239040.893725
9	19	1	1	5448149.891868
9	20	1	1	8308957.481466
9	21	1	1	14715031.834141
9	22	1	1	5791518.792824
9	23	1	1	9133753.235714
9	25	1	1	-1.172992
9	32	1	2	1581.848895
9	33	1	2	3873.715825
9	34	1	2	2409.127625
9	35	1	2	4961.995210
9	36	1	2	3255.449013
9	37	1	2	8005.985675
9	38	1	2	6392.107212
9	39	1	2	105755.011669
9	40	1	2	16963.924529
9	41	1	2	-164237.844759
9	42	1	2	550082.858866
9	43	1	2	-819168.246496
9	44	1	2	2388997.483442
9	45	1	2	1972559.447001
9	46	1	2	111668.827204
9	47	1	2	758625.186127
9	48	1	2	1521153.752752
9	49	1	2	-346394.928793
9	50	1	2	2516520.957443
9	51	1	2	248054.759800
9	52	1	2	2696888.166469
9	53	1	2	4480910.680106
9	58	1	8	29.021337
9	59	1	8	-44.839954
9	60	1	8	100.678958
9	61	1	8	95.157569
9	62	1	8	138.722907
9	63	1	8	242.954292
9	64	1	8	226.579479
9	65	1	8	1271.776107
9	66	1	8	4477.440549
9	67	1	8	68894.140205
9	68	1	8	828.827447
9	69	1	8	136535.391328
9	70	1	8	89066.090639
9	71	1	8	166162.799295
9	72	1	8	46943.896196
9	73	1	8	54221.464550
9	75	1	8	45521.505460
9	76	1	8	67624.431937
9	77	1	8	199954.184556
9	78	1	8	96683.552824
9	83	1	26	-1.632184
9	84	1	26	-0.127096
9	85	1	26	-5.200112
9	86	1	26	-5.915061
9	87	1	26	15.984420
9	88	1	26	-942.484372
9	89	1	26	13163.861040
9	90	1	26	-351.754794
9	91	1	26	14495.912512
9	92	1	26	6200.714666
9	93	1	26	9254.678738
9	96	1	26	173.165068
9	97	1	26	0.378235
9	98	1	26	2894.810781
10	10	1	1	79540541.253980
10	11	1	1	-58078461.813056
10	12	1	1	106090848.518398
10	13	1	1	11746213.944927
10	14	1	1	81359760.072073
10	15	1	1	100428290.122489
10	16	1	1	126888770.039433
10	17	1	1	27668808.883353
10	18	1	1	68469977.344644
10	19	1	1	47192709.422098
10	20	1	1	38503074.487442
10	21	1	1	78626029.139659
10	22	1	1	29478900.706036
10	23	1	1	48095440.877111
10	25	1	1	-7.268060
10	32	1	2	1099.360023
10	33	1	2	2482.154193
10	34	1	2	1805.001907
10	35	1	2	3005.755311
10	36	1	2	2761.387826
10	37	1	2	4214.084316
10	38	1	2	7483.021942
10	39	1	2	50080.096580
10	40	1	2	1071767.659675
10	41	1	2	1993977.779116
10	42	1	2	299669.165302
10	43	1	2	-8120582.330666
10	44	1	2	2328335.778960
10	45	1	2	8290006.034136
10	46	1	2	-1232319.660037
10	47	1	2	1686092.666353
10	48	1	2	8150844.149602
10	49	1	2	-2806307.715308
10	50	1	2	12000389.438390
10	51	1	2	232657.886905
10	52	1	2	13808270.409889
10	53	1	2	22055912.042294
10	58	1	8	194.314690
10	59	1	8	-282.829786
10	60	1	8	604.304767
10	61	1	8	486.144332
10	62	1	8	925.119007
10	63	1	8	1062.808609
10	64	1	8	2456.185738
10	65	1	8	1176.165877
10	66	1	8	64761.667515
10	67	1	8	53066.564341
10	68	1	8	424537.329034
10	69	1	8	209456.452649
10	70	1	8	520336.158514
10	71	1	8	605640.604626
10	72	1	8	199947.000417
10	73	1	8	177958.275202
10	75	1	8	89290.635740
10	76	1	8	160840.091579
10	77	1	8	790695.659962
10	78	1	8	458767.915131
10	83	1	26	13.167645
10	84	1	26	5.348825
10	85	1	26	47.205435
10	86	1	26	84.819700
10	87	1	26	-167.086777
10	88	1	26	7840.408726
10	89	1	26	40697.691399
10	90	1	26	-6434.109191
10	91	1	26	63677.824898
10	92	1	26	19364.943942
10	93	1	26	43843.175599
10	96	1	26	680.841163
10	97	1	26	1.799638
10	98	1	26	13090.834945
11	11	1	1	305783124.629795
11	12	1	1	-213409928.493438
11	13	1	1	91953675.964296
11	14	1	1	-105422867.353264
11	15	1	1	44694332.407113
11	16	1	1	-62280319.923141
11	17	1	1	-42083832.299339
11	18	1	1	-5464773.679133
11	19	1	1	-16261805.630485
11	20	1	1	34977758.212294
11	21	1	1	59508756.704414
11	22	1	1	25149328.507178
11	23	1	1	36583964.880129
11	25	1	1	0.308290
11	32	1	2	963.620688
11	33	1	2	5012.842293
11	34	1	2	-71.407206
11	35	1	2	8417.269291
11	36	1	2	-3153.371362
11	37	1	2	24466.669356
11	38	1	2	-69219.733809
11	39	1	2	467513.414662
11	40	1	2	-5502164.531621
11	41	1	2	11013499.810794
11	42	1	2	8641471.029589
11	43	1	2	32911952.258474
11	44	1	2	42688081.637983
11	45	1	2	17308259.298052
11	46	1	2	9233633.761245
11	47	1	2	11575186.857360
11	48	1	2	8465870.231917
11	49	1	2	848634.637907
11	50	1	2	15038369.337751
11	51	1	2	4392719.642984
11	52	1	2	10598441.804184
11	53	1	2	22215948.993159
11	58	1	8	-137.856208
11	59	1	8	179.708837
11	60	1	8	-344.704788
11	61	1	8	-163.128195
11	62	1	8	-651.985329
11	63	1	8	-74.063029
11	64	1	8	-2887.882059
11	65	1	8	8239.364502
11	66	1	8	-92702.146940
11	67	1	8	1336161.917583
11	68	1	8	-373511.128109
11	69	1	8	1777316.672927
11	70	1	8	741027.704383
11	71	1	8	1512669.670786
11	72	1	8	510604.409238
11	73	1	8	512788.769063
11	75	1	8	771956.887548
11	76	1	8	1033906.754043
11	77	1	8	1782625.342355
11	78	1	8	506169.080792
11	83	1	26	-106.741672
11	84	1	26	85.191964
11	85	1	26	-233.407406
11	86	1	26	603.444599
11	87	1	26	-4785.790645
11	88	1	26	22539.652602
11	89	1	26	52786.181786
11	90	1	26	44044.293707
11	91	1	26	129228.426780
11	92	1	26	80589.586243
11	93	1	26	63813.698361
11	96	1	26	2202.861696
11	97	1	26	2.505814
11	98	1	26	28985.862792
12	12	1	1	1268392109.393025
12	13	1	1	-60974738.497174
12	14	1	1	901467939.732509
12	15	1	1	925171593.980163
12	16	1	1	1202040037.260987
12	17	1	1	354324635.801353
12	18	1	1	650074273.798465
12	19	1	1	429476355.792971
12	20	1	1	378279070.042511
12	21	1	1	635658703.700458
12	22	1	1	253392891.358462
12	23	1	1	407148082.102116
12	25	1	1	-76.891421
12	32	1	2	-4851.091855
12	33	1	2	-16943.677770
12	34	1	2	-4337.881856
12	35	1	2	-25499.226495
12	36	1	2	90.366695
12	37	1	2	-62916.841162
12	38	1	2	123704.244521
12	39	1	2	-1151548.180214
12	40	1	2	18196093.456307
12	41	1	2	-60356011.702960
12	42	1	2	77179707.253113
12	43	1	2	-171151710.821496
12	44	1	2	33374254.243745
12	45	1	2	40006498.941309
12	46	1	2	-5562827.240084
12	47	1	2	16129282.879191
12	48	1	2	60501999.535738
12	49	1	2	-11027852.750631
12	50	1	2	89154343.372768
12	51	1	2	-2969121.092691
12	52	1	2	125777692.984004
12	53	1	2	192355389.184864
12	58	1	8	403.713521
12	59	1	8	-569.135844
12	60	1	8	1181.391409
12	61	1	8	849.565371
12	62	1	8	1918.920164
12	63	1	8	1601.949128
12	64	1	8	6194.149337
12	65	1	8	-6789.623267
12	66	1	8	191731.618518
12	67	1	8	-2280084.506939
12	68	1	8	2831486.355967
12	69	1	8	54973.398555
12	70	1	8	2719226.541244
12	71	1	8	3543069.999092
12	72	1	8	631107.174916
12	73	1	8	842426.861270
12	75	1	8	-974263.126143
12	76	1	8	-1017633.043453
12	77	1	8	4106310.973053
12	78	1	8	3829954.463756
12	83	1	26	453.210766
12	84	1	26	-447.379651
12	85	1	26	893.997211
12	86	1	26	-3488.588872
12	87	1	26	26166.864834
12	88	1	26	-180461.227900
12	89	1	26	421202.253708
12	90	1	26	-297210.765734
12	91	1	26	194857.163724
12	92	1	26	-59399.781622
12	93	1	26	225317.725544
12	96	1	26	-2787.176975
12	97	1	26	10.656317
12	98	1	26	13083.168990
13	13	1	1	2166137968.492867
13	14	1	1	232317130.093780
13	15	1	1	3193211852.570254
13	16	1	1	2374913030.654791
13	17	1	1	853710738.898184
13	18	1	1	1677537550.434241
13	19	1	1	813706743.717024
13	20	1	1	691313631.763874
13	21	1	1	1215479154.838132
13	22	1	1	469332709.441259
13	23	1	1	720975229.751415
13	25	1	1	-141.058054
13	32	1	2	-3475.494905
13	33	1	2	-13081.016709
13	34	1	2	-2607.671354
13	35	1	2	-20174.483879
13	36	1	2	1712.593822
13	37	1	2	-51836.720325
13	38	1	2	115073.334683
13	39	1	2	-949433.616194
13	40	1	2	11537263.403548
13	41	1	2	-17019959.715762
13	42	1	2	-155580009.808627
13	43	1	2	-105335406.955039
13	44	1	2	-526159667.930257
13	45	1	2	298004865.021156
13	46	1	2	-239946339.241394
13	47	1	2	39026414.117548
13	48	1	2	78570085.130705
13	49	1	2	-55042126.009434
13	50	1	2	167029458.429436
13	51	1	2	-15998396.928709
13	52	1	2	207449970.684292
13	53	1	2	327961598.422118
13	58	1	8	844.431288
13	59	1	8	-1166.050382
13	60	1	8	2373.235274
13	61	1	8	1565.515946
13	62	1	8	4007.395576
13	63	1	8	2570.487646
13	64	1	8	14141.751787
13	65	1	8	-22503.585399
13	66	1	8	423370.126834
13	67	1	8	-3180102.459938
13	68	1	8	7715631.017795
13	69	1	8	-5407992.669821
13	70	1	8	8665614.487002
13	71	1	8	-434248.363529
13	72	1	8	3743846.467760
13	73	1	8	-584842.346425
13	75	1	8	-1422057.787637
13	76	1	8	-1571087.569702
13	77	1	8	7081010.777074
13	78	1	8	5957139.156428
13	83	1	26	497.142869
13	84	1	26	-218.384288
13	85	1	26	1300.637735
13	86	1	26	-1192.613260
13	87	1	26	18180.326962
13	88	1	26	-52115.427302
13	89	1	26	369757.573796
13	90	1	26	-84069.497986
13	91	1	26	111086.060870
13	92	1	26	328078.938475
13	93	1	26	335327.205891
13	96	1	26	1462.317562
13	97	1	26	18.781079
13	98	1	26	66320.691100
14	14	1	1	2475331464.144621
14	15	1	1	881186943.131356
14	16	1	1	3020782970.733981
14	17	1	1	570954237.156585
14	18	1	1	1361992149.845549
14	19	1	1	947707566.783873
14	20	1	1	669993969.611120
14	21	1	1	1307822445.491943
14	22	1	1	460647412.119329
14	23	1	1	808960765.212022
14	25	1	1	-145.892058
14	32	1	2	8647.092705
14	33	1	2	19649.014243
14	34	1	2	14074.368913
14	35	1	2	23958.971296
14	36	1	2	21070.272314
14	37	1	2	33057.595995
14	38	1	2	74796.368852
14	39	1	2	289574.423755
14	40	1	2	9012970.112813
14	41	1	2	9792021.767891
14	42	1	2	-150652659.315331
14	43	1	2	-168524114.024887
14	44	1	2	158679434.684009
14	45	1	2	-45621543.641425
14	46	1	2	94937886.055621
14	47	1	2	-46217922.849805
14	48	1	2	187529775.448195
14	49	1	2	-39589815.956994
14	50	1	2	167369839.441718
14	51	1	2	-15392059.290975
14	52	1	2	226805369.838294
14	53	1	2	374179804.222945
14	58	1	8	1298.147525
14	59	1	8	-1875.048242
14	60	1	8	3979.231061
14	61	1	8	3122.319244
14	62	1	8	6178.516394
14	63	1	8	6621.520280
14	64	1	8	17327.422931
14	65	1	8	-309.474457
14	66	1	8	481374.898689
14	67	1	8	626345.027821
14	68	1	8	2596847.022588
14	69	1	8	3049676.838872
14	70	1	8	4255257.485857
14	71	1	8	10596543.993154
14	72	1	8	-218621.912660
14	73	1	8	2643777.698406
14	75	1	8	-122962.407712
14	76	1	8	195346.689826
14	77	1	8	10352412.984531
14	78	1	8	7147223.446754
14	83	1	26	616.360772
14	84	1	26	-325.527197
14	85	1	26	1549.693330
14	86	1	26	-2048.774357
14	87	1	26	25543.088121
14	88	1	26	-106778.718292
14	89	1	26	674978.825652
14	90	1	26	-526744.030368
14	91	1	26	634560.404271
14	92	1	26	-113931.544797
14	93	1	26	490259.479143
14	96	1	26	-1897.225526
14	97	1	26	21.412213
14	98	1	26	68651.378525
15	15	1	1	11721365679.365059
15	16	1	1	3336068895.354683
15	17	1	1	2921594215.716302
15	18	1	1	3593625745.136640
15	19	1	1	2001001214.433569
15	20	1	1	2193851518.461895
15	21	1	1	3245631438.430370
15	22	1	1	1500655306.822031
15	23	1	1	2064793894.673193
15	25	1	1	-378.125086
15	32	1	2	17294.479627
15	33	1	2	25430.348763
15	34	1	2	36257.801191
15	35	1	2	19696.951408
15	36	1	2	69278.003586
15	37	1	2	-36676.218954
15	38	1	2	531478.871315
15	39	1	2	-1555750.302618
15	40	1	2	51663711.517202
15	41	1	2	-102923951.398944
15	42	1	2	201683347.963174
15	43	1	2	-1559476131.427421
15	44	1	2	-1162848227.614141
15	45	1	2	1144664489.238667
15	46	1	2	-885894767.973237
15	47	1	2	417449221.602025
15	48	1	2	-15568272.904387
15	49	1	2	-78903453.456259
15	50	1	2	518625238.715135
15	51	1	2	8444444.740566
15	52	1	2	619743979.895017
15	53	1	2	964498256.953936
15	58	1	8	2677.143387
15	59	1	8	-3707.281083
15	60	1	8	7566.078371
15	61	1	8	5054.253649
15	62	1	8	12707.310317
15	63	1	8	8487.404391
15	64	1	8	44293.513507
15	65	1	8	-67297.823435
15	66	1	8	1325224.021602
15	67	1	8	-9853924.385272
15	68	1	8	33423574.059402
15	69	1	8	-13644006.911313
15	70	1	8	33649520.251390
15	71	1	8	-2150712.183279
15	72	1	8	18641225.399837
15	73	1	8	-426532.270331
15	75	1	8	-1610725.455336
15	76	1	8	-1195708.170916
15	77	1	8	24923429.856503
15	78	1	8	19145559.759217
15	83	1	26	1733.395296
15	84	1	26	-1146.983744
15	85	1	26	4080.546744
15	86	1	26	-7847.805524
15	87	1	26	77430.692170
15	88	1	26	-376350.001876
15	89	1	26	2117138.201735
15	90	1	26	-126086.303192
15	91	1	26	786840.292367
15	92	1	26	1353095.274789
15	93	1	26	1223372.851873
15	96	1	26	13035.146777
15	97	1	26	65.259877
15	98	1	26	308490.457128
16	16	1	1	15033845882.821751
16	17	1	1	-1145737196.286309
16	18	1	1	7315932910.692122
16	19	1	1	3233614334.851845
16	20	1	1	947587346.916000
16	21	1	1	4905032683.352675
16	22	1	1	1032847157.815189
16	23	1	1	2512542548.912310
16	25	1	1	-483.251343
16	32	1	2	38260.680456
16	33	1	2	86308.378280
16	34	1	2	62550.493541
16	35	1	2	104732.571325
16	36	1	2	94154.922574
16	37	1	2	142029.314395
16	38	1	2	344562.094909
16	39	1	2	1277640.452120
16	40	1	2	31811935.861113
16	41	1	2	-2284857.385103
16	42	1	2	11097692.754022
16	43	1	2	810824343.259607
16	44	1	2	-1684151687.797986
16	45	1	2	-97828108.450620
16	46	1	2	77596389.844088
16	47	1	2	-955878750.480482
16	48	1	2	909876142.797752
16	49	1	2	-486070105.237489
16	50	1	2	527864370.158882
16	51	1	2	-147078292.785717
16	52	1	2	622842089.061887
16	53	1	2	1011670849.868378
16	58	1	8	3047.730590
16	59	1	8	-4343.435003
16	60	1	8	9106.712962
16	61	1	8	6820.963574
16	62	1	8	14492.727544
16	63	1	8	13646.169640
16	64	1	8	43805.838057
16	65	1	8	-24858.041538
16	66	1	8	1242543.342119
16	67	1	8	-478391.274288
16	68	1	8	12867275.188141
16	69	1	8	-10458556.869794
16	70	1	8	17779280.552877
16	71	1	8	20395066.913710
16	72	1	8	-5709464.583939
16	73	1	8	6959444.009405
16	75	1	8	-1344119.510493
16	76	1	8	-240184.071740
16	77	1	8	27141819.191859
16	78	1	8	19795762.452404
16	83	1	26	1279.564478
16	84	1	26	-385.901020
16	85	1	26	3558.378109
16	86	1	26	-1466.698757
16	87	1	26	42166.431726
16	88	1	26	-70263.661113
16	89	1	26	-99901.486108
16	90	1	26	409777.240653
16	91	1	26	987741.908262
16	92	1	26	254765.375909
16	93	1	26	1888048.621822
16	96	1	26	13654.380974
16	97	1	26	61.033355
16	98	1	26	251833.863088
17	17	1	1	24585072693.989826
17	18	1	1	-4021475179.714770
17	19	1	1	5543083056.256669
17	20	1	1	6528448049.292279
17	21	1	1	-592126477.530149
17	22	1	1	2757766005.864744
17	23	1	1	1595050726.695133
17	25	1	1	-585.787220
17	32	1	2	5911.102437
17	33	1	2	4226.324576
17	34	1	2	15072.440377
17	35	1	2	-2365.140788
17	36	1	2	32662.275726
17	37	1	2	-46047.344143
17	38	1	2	304367.869000
17	39	1	2	-1242829.504239
17	40	1	2	33175199.164498
17	41	1	2	-152216006.048970
17	42	1	2	854504009.532652
17	43	1	2	-22086435.517193
17	44	1	2	1286124273.494410
17	45	1	2	-1999305313.739597
17	46	1	2	-900091824.353796
17	47	1	2	1682258836.715031
17	48	1	2	-1572155188.864385
17	49	1	2	1059004917.284425
17	50	1	2	-286179490.659325
17	51	1	2	-71770507.492474
17	52	1	2	323641397.098544
17	53	1	2	915507127.744152
17	58	1	8	-1016.255853
17	59	1	8	1517.656734
17	60	1	8	-3314.811080
17	61	1	8	-2876.321607
17	62	1	8	-4846.733442
17	63	1	8	-6803.480638
17	64	1	8	-10791.647632
17	65	1	8	-22131.592345
17	66	1	8	-251600.197055
17	67	1	8	-5851682.957857
17	68	1	8	19694308.834882
17	69	1	8	-77134342.391482
17	70	1	8	-1564482.586733
17	71	1	8	-78013269.411678
17	72	1	8	16704074.577699
17	73	1	8	-24237676.061045
17	75	1	8	-14702417.221552
17	76	1	8	-26879193.063003
17	77	1	8	-10820991.869379
17	78	1	8	1101164.420642
17	83	1	26	-259.782075
17	84	1	26	1041.076438
17	85	1	26	413.916285
17	86	1	26	9464.964759
17	87	1	26	-41644.699698
17	88	1	26	467727.221311
17	89	1	26	-3900527.558084
17	90	1	26	1280110.516820
17	91	1	26	-3782555.882559
17	92	1	26	3688259.625860
17	93	1	26	-3556901.639101
17	96	1	26	-53183.126193
17	97	1	26	-31.140000
17	98	1	26	-716025.759495
18	18	1	1	35262785549.746780
18	19	1	1	-6128554895.572025
18	20	1	1	-1609801885.230348
18	21	1	1	9712133039.916834
18	22	1	1	-1959471926.354168
18	23	1	1	2149927982.871521
18	25	1	1	-302.403866
18	32	1	2	26028.984292
18	33	1	2	59684.391979
18	34	1	2	41946.365228
18	35	1	2	73216.311349
18	36	1	2	62057.437561
18	37	1	2	104087.091494
18	38	1	2	206604.771996
18	39	1	2	1041405.344197
18	40	1	2	16255701.008696
18	41	1	2	26025394.349510
18	42	1	2	-97289345.821129
18	43	1	2	552022922.545153
18	44	1	2	-1162383934.021075
18	45	1	2	916757855.524096
18	46	1	2	-1413020170.842993
18	47	1	2	-2881099466.176308
18	48	1	2	4113331226.420002
18	49	1	2	-2485331618.884630
18	50	1	2	1118667005.646579
18	51	1	2	-439073882.792264
18	52	1	2	811113176.535662
18	53	1	2	737673685.489879
18	58	1	8	2329.226928
18	59	1	8	-3332.148728
18	60	1	8	7010.667931
18	61	1	8	5322.987039
18	62	1	8	11078.464975
18	63	1	8	10842.769842
18	64	1	8	32758.597410
18	65	1	8	-13070.055629
18	66	1	8	911906.315421
18	67	1	8	2258365.732164
18	68	1	8	-18924203.980575
18	69	1	8	39384275.499839
18	70	1	8	-131426152.229384
18	71	1	8	111711359.149050
18	72	1	8	-86845530.013008
18	73	1	8	22555633.759986
18	75	1	8	-10513906.054072
18	76	1	8	-2200835.077706
18	77	1	8	22867218.627228
18	78	1	8	15672028.475844
18	83	1	26	864.969838
18	84	1	26	-1270.023758
18	85	1	26	1213.616382
18	86	1	26	-10583.003121
18	87	1	26	62529.968661
18	88	1	26	-510252.775044
18	89	1	26	1134877.029850
18	90	1	26	-249055.750346
18	91	1	26	-446290.292617
18	92	1	26	-5761083.010111
18	93	1	26	4323768.859538
18	96	1	26	6741.077212
18	97	1	26	41.155431
18	98	1	26	205986.678754
19	19	1	1	33734292307.495926
19	20	1	1	-1801210546.194980
19	21	1	1	-481015580.562868
19	22	1	1	7215258876.477084
19	23	1	1	5237013838.748604
19	25	1	1	-1692.963318
19	32	1	2	20980.450410
19	33	1	2	43212.926810
19	34	1	2	36754.973793
19	35	1	2	49061.143177
19	36	1	2	59809.844035
19	37	1	2	47044.671867
19	38	1	2	302500.491208
19	39	1	2	53496.959739
19	40	1	2	30383294.009579
19	41	1	2	-82169476.325770
19	42	1	2	470852852.863048
19	43	1	2	-41893295.630403
19	44	1	2	152579992.577717
19	45	1	2	108488667.738617
19	46	1	2	390453382.767128
19	47	1	2	12896287.272232
19	48	1	2	-3015557228.888317
19	49	1	2	2859658218.343335
19	50	1	2	-1024972726.015523
19	51	1	2	-266462641.900733
19	52	1	2	62544241.468634
19	53	1	2	2144427681.596145
19	58	1	8	540.898140
19	59	1	8	-723.340806
19	60	1	8	1425.621804
19	61	1	8	798.217380
19	62	1	8	2562.346549
19	63	1	8	878.544228
19	64	1	8	10384.491467
19	65	1	8	-25223.506642
19	66	1	8	335377.639200
19	67	1	8	-5547315.490629
19	68	1	8	36503118.379088
19	69	1	8	-66682403.352608
19	70	1	8	114707689.324224
19	71	1	8	-249659315.831551
19	72	1	8	161118106.942182
19	73	1	8	-77767369.004606
19	75	1	8	-11984802.965916
19	76	1	8	-53336148.119161
19	77	1	8	-17128398.932105
19	78	1	8	9122583.995560
19	83	1	26	525.455785
19	84	1	26	1107.439261
19	85	1	26	2955.309603
19	86	1	26	11455.372511
19	87	1	26	-25796.278034
19	88	1	26	557045.547468
19	89	1	26	-1568829.236697
19	90	1	26	1006373.838644
19	91	1	26	-704338.660987
19	92	1	26	3341706.463178
19	93	1	26	-5963800.697573
19	96	1	26	-131093.470678
19	97	1	26	-33.235823
19	98	1	26	-1377118.469835
20	20	1	1	53930287751.005951
20	21	1	1	12168430386.545206
20	22	1	1	5579519274.350656
20	23	1	1	8834759937.734547
20	25	1	1	-3949.968820
20	32	1	2	51510.559041
20	33	1	2	118158.437719
20	34	1	2	82995.561661
20	35	1	2	144987.090000
20	36	1	2	122742.198355
20	37	1	2	206220.357317
20	38	1	2	405348.399342
20	39	1	2	2098996.588803
20	40	1	2	30941690.212573
20	41	1	2	-17071556.416331
20	42	1	2	483212949.499127
20	43	1	2	597323028.162095
20	44	1	2	1372961954.416462
20	45	1	2	-514936352.388977
20	46	1	2	644321521.940447
20	47	1	2	1304827171.421673
20	48	1	2	-4647658264.584927
20	49	1	2	-4054659007.869115
20	50	1	2	-963705288.121356
20	51	1	2	-2382036182.551617
20	52	1	2	438247713.677348
20	53	1	2	257337036.032835
20	58	1	8	3013.058315
20	59	1	8	-4365.745537
20	60	1	8	9290.829461
20	61	1	8	7365.794827
20	62	1	8	14342.852810
20	63	1	8	15818.133786
20	64	1	8	39400.797956
20	65	1	8	6359.105333
20	66	1	8	1057283.772600
20	67	1	8	8778626.000290
20	68	1	8	-5055144.116766
20	69	1	8	34333227.681591
20	70	1	8	-86874179.938816
20	71	1	8	249206482.892383
20	72	1	8	-267440617.538888
20	73	1	8	111543746.675000
20	75	1	8	25401472.902520
20	76	1	8	26846530.357441
20	77	1	8	62091440.355581
20	78	1	8	21751152.499070
20	83	1	26	749.768347
20	84	1	26	-970.512900
20	85	1	26	1206.071238
20	86	1	26	-7936.845037
20	87	1	26	48886.849392
20	88	1	26	-363583.097166
20	89	1	26	125288.681631
20	90	1	26	-1465170.127712
20	91	1	26	1141232.671362
20	92	1	26	-3801484.661299
20	93	1	26	-2668636.134950
20	96	1	26	-167447.938865
20	97	1	26	72.217920
20	98	1	26	-28937.642880
21	21	1	1	81279201068.251205
21	22	1	1	-9619331384.434774
21	23	1	1	15224005317.085514
21	25	1	1	-3621.812820
21	32	1	2	80440.985135
21	33	1	2	183799.729733
21	34	1	2	130088.159120
21	35	1	2	224970.491425
21	36	1	2	193170.780404
21	37	1	2	316220.446396
21	38	1	2	655501.809193
21	39	1	2	3133515.295788
21	40	1	2	54034124.801140
21	41	1	2	-38733238.828148
21	42	1	2	639054481.104748
21	43	1	2	801545852.932818
21	44	1	2	756014271.305543
21	45	1	2	1065611896.868898
21	46	1	2	45450140.769566
21	47	1	2	-657461915.886063
21	48	1	2	3793406191.652466
21	49	1	2	-15219322725.876266
21	50	1	2	7645621217.905663
21	51	1	2	-3417110305.569355
21	52	1	2	865092473.729969
21	53	1	2	2734901849.167704
21	58	1	8	4217.406298
21	59	1	8	-6066.413968
21	60	1	8	12826.506456
21	61	1	8	9924.969253
21	62	1	8	20066.785164
21	63	1	8	20699.250347
21	64	1	8	57593.880691
21	65	1	8	-10683.036285
21	66	1	8	1595126.696928
21	67	1	8	4835005.358319
21	68	1	8	7748419.951117
21	69	1	8	8876484.472452
21	70	1	8	39845376.664194
21	71	1	8	-54812769.215983
21	72	1	8	108274828.909411
21	73	1	8	-275268371.923031
21	75	1	8	-2718000.908107
21	76	1	8	-58564502.114885
21	77	1	8	32506897.297906
21	78	1	8	30603511.422075
21	83	1	26	1734.794172
21	84	1	26	159.894878
21	85	1	26	5629.857159
21	86	1	26	4536.198017
21	87	1	26	33377.336182
21	88	1	26	228199.810941
21	89	1	26	585087.527255
21	90	1	26	693329.112595
21	91	1	26	18054.186986
21	92	1	26	6958254.730031
21	93	1	26	-5505665.880801
21	96	1	26	-103465.341528
21	97	1	26	53.225944
21	98	1	26	-1350315.747838
22	22	1	1	71100746603.690765
22	23	1	1	-11877272668.557775
22	25	1	1	-2076.925219
22	32	1	2	35584.681569
22	33	1	2	81376.773158
22	34	1	2	57498.126121
22	35	1	2	99656.996700
22	36	1	2	85310.370878
22	37	1	2	140473.507700
22	38	1	2	287533.974557
22	39	1	2	1402890.449352
22	40	1	2	23111665.975375
22	41	1	2	-19302189.869817
22	42	1	2	340610894.512203
22	43	1	2	247971712.572389
22	44	1	2	596686001.703970
22	45	1	2	195217182.502618
22	46	1	2	-104833911.163190
22	47	1	2	1510177092.080949
22	48	1	2	-3706462351.297648
22	49	1	2	5983400330.785920
22	50	1	2	-13580430899.462231
22	51	1	2	6193560230.804949
22	52	1	2	-659540910.964009
22	53	1	2	2947513550.158557
22	58	1	8	1881.123977
22	59	1	8	-2715.720931
22	60	1	8	5760.700847
22	61	1	8	4512.568277
22	62	1	8	8952.575721
22	63	1	8	9553.220466
22	64	1	8	25147.219970
22	65	1	8	-440.579891
22	66	1	8	686594.043970
22	67	1	8	3666181.457323
22	68	1	8	12563676.316424
22	69	1	8	-2450127.007659
22	70	1	8	18520140.499435
22	71	1	8	-25226072.217608
22	72	1	8	42819263.425308
22	73	1	8	-127941088.868096
22	75	1	8	5394567.615880
22	76	1	8	-42300438.797109
22	77	1	8	-34004087.741450
22	78	1	8	8354129.104410
22	83	1	26	606.444447
22	84	1	26	-109.910731
22	85	1	26	1772.429205
22	86	1	26	5.482331
22	87	1	26	17104.556159
22	88	1	26	7609.279435
22	89	1	26	-81345.787685
22	90	1	26	-238811.252701
22	91	1	26	724151.178356
22	92	1	26	-202972.699920
22	93	1	26	1125540.168691
22	96	1	26	17865.018181
22	97	1	26	-106.859610
22	98	1	26	-1206662.401293
23	23	1	1	35095681401.595314
23	25	1	1	-3654.260209
23	32	1	2	52599.433037
23	33	1	2	120207.345836
23	34	1	2	85042.103865
23	35	1	2	147148.589637
23	36	1	2	126259.763904
23	37	1	2	207009.226032
23	38	1	2	427548.412387
23	39	1	2	2057627.106006
23	40	1	2	34725964.214697
23	41	1	2	-26108472.807901
23	42	1	2	455740049.002157
23	43	1	2	425168273.549798
23	44	1	2	742140862.024710
23	45	1	2	346172866.758259
23	46	1	2	289467206.494465
23	47	1	2	31880003.728628
23	48	1	2	116334067.454353
23	49	1	2	-2438079921.695231
23	50	1	2	2427150680.384013
23	51	1	2	-8494836876.265292
23	52	1	2	962112534.968491
23	53	1	2	4664056847.614608
23	58	1	8	2825.351285
23	59	1	8	-4072.101769
23	60	1	8	8625.112031
23	61	1	8	6718.866973
23	62	1	8	13444.916548
23	63	1	8	14128.565908
23	64	1	8	38140.220341
23	65	1	8	-3606.395113
23	66	1	8	1048005.400854
23	67	1	8	4495116.512085
23	68	1	8	12033748.488598
23	69	1	8	3692645.778360
23	70	1	8	15590739.645786
23	71	1	8	11462640.866665
23	72	1	8	-15883502.686195
23	73	1	8	-7397495.814698
23	75	1	8	-41034786.828537
23	76	1	8	-140829482.231514
23	77	1	8	-31694107.955401
23	78	1	8	5490433.794005
23	83	1	26	1028.510846
23	84	1	26	-90.211635
23	85	1	26	3119.364423
23	86	1	26	929.081813
23	87	1	26	26013.865784
23	88	1	26	51153.652578
23	89	1	26	202994.068640
23	90	1	26	-119943.047160
23	91	1	26	921887.630987
23	92	1	26	1053546.298035
23	93	1	26	-465706.087718
23	96	1	26	-1082.997844
23	97	1	26	-78.070905
23	98	1	26	-1855917.142587
25	25	1	1	220.048244
25	32	1	2	-0.006057
25	33	1	2	-0.013797
25	34	1	2	-0.009816
25	35	1	2	-0.016851
25	36	1	2	-0.014628
25	37	1	2	-0.023529
25	38	1	2	-0.050310
25	39	1	2	-0.231271
25	40	1	2	-3.960351
25	41	1	2	3.257699
25	42	1	2	-64.586486
25	43	1	2	-27.242107
25	44	1	2	-47.119985
25	45	1	2	54.887385
25	46	1	2	-15.275391
25	47	1	2	151.050586
25	48	1	2	467.769052
25	49	1	2	1031.390113
25	50	1	2	595.080890
25	51	1	2	948.724238
25	52	1	2	137.438912
25	53	1	2	3039.027070
25	58	1	8	-0.000321
25	59	1	8	0.000462
25	60	1	8	-0.000977
25	61	1	8	-0.000756
25	62	1	8	-0.001527
25	63	1	8	-0.001580
25	64	1	8	-0.004371
25	65	1	8	0.000682
25	66	1	8	-0.119569
25	67	1	8	-0.661604
25	68	1	8	-5.196032
25	69	1	8	-4.037198
25	70	1	8	-3.633803
25	71	1	8	-14.997117
25	72	1	8	-2.758883
25	73	1	8	-14.904583
25	75	1	8	-12.495848
25	76	1	8	-72.954522
25	77	1	8	-50.220023
25	78	1	8	-15.111467
25	83	1	26	-0.000068
25	84	1	26	0.000124
25	85	1	26	-0.000068
25	86	1	26	0.001059
25	87	1	26	-0.005796
25	88	1	26	0.052169
25	89	1	26	0.101438
25	90	1	26	0.246073
25	91	1	26	0.207118
25	92	1	26	0.321621
25	93	1	26	1.149087
25	96	1	26	-0.008866
25	97	1	26	0.000270
25	98	1	26	3.045040
32	32	2	2	3007.079403
32	33	2	2	-217.543198
32	34	2	2	1121.464364
32	35	2	2	562.711004
32	36	2	2	920.754152
32	37	2	2	984.422382
32	38	2	2	2693.499077
32	39	2	2	8784.663071
32	40	2	2	5343.519899
32	41	2	2	38403.941262
32	42	2	2	30124.934114
32	43	2	2	38128.355824
32	44	2	2	46375.076427
32	45	2	2	20559.961596
32	46	2	2	11419.708293
32	47	2	2	18157.582244
32	48	2	2	11572.629276
32	49	2	2	3778.433989
32	50	2	2	17578.944096
32	51	2	2	3736.379173
32	52	2	2	22060.710756
32	53	2	2	30864.620049
32	58	2	8	0.136991
32	59	2	8	-0.202827
32	60	2	8	0.439804
32	61	2	8	0.372522
32	62	2	8	0.652918
32	63	2	8	0.860705
32	64	2	8	1.544135
32	65	2	8	2.298350
32	66	2	8	40.237987
32	67	2	8	-491.205906
32	68	2	8	283.228052
32	69	2	8	666.408523
32	70	2	8	484.212620
32	71	2	8	919.505742
32	72	2	8	270.098043
32	73	2	8	160.512737
32	75	2	8	-154.431724
32	76	2	8	-91.818435
32	77	2	8	761.938249
32	78	2	8	640.253529
32	83	2	26	0.010244
32	84	2	26	-0.019588
32	85	2	26	0.009071
32	86	2	26	-0.170441
32	87	2	26	0.967601
32	88	2	26	-9.367632
32	89	2	26	26.931356
32	90	2	26	-41.470710
32	91	2	26	56.355771
32	92	2	26	1.168611
32	93	2	26	38.344831
32	96	2	26	-0.158034
32	97	2	26	0.002097
32	98	2	26	8.251976
33	33	2	2	5440.472492
33	34	2	2	-995.357096
33	35	2	2	3285.867521
33	36	2	2	1005.761431
33	37	2	2	3664.221501
33	38	2	2	3985.266284
33	39	2	2	24848.561576
33	40	2	2	5730.323336
33	41	2	2	102334.500400
33	42	2	2	66166.152338
33	43	2	2	93891.157978
33	44	2	2	108064.497783
33	45	2	2	48443.952610
33	46	2	2	26766.047173
33	47	2	2	42610.002127
33	48	2	2	26796.252619
33	49	2	2	8963.989860
33	50	2	2	40661.853691
33	51	2	2	8854.131750
33	52	2	2	51415.782013
33	53	2	2	70947.699234
33	58	2	8	0.348796
33	59	2	8	-0.516167
33	60	2	8	1.118771
33	61	2	8	0.946272
33	62	2	8	1.662369
33	63	2	8	2.183067
33	64	2	8	3.946985
33	65	2	8	5.719621
33	66	2	8	103.210743
33	67	2	8	-1254.857820
33	68	2	8	595.921708
33	69	2	8	1564.995033
33	70	2	8	1039.710282
33	71	2	8	2138.931614
33	72	2	8	592.364017
33	73	2	8	363.095548
33	75	2	8	-414.419041
33	76	2	8	-273.950343
33	77	2	8	1685.097081
33	78	2	8	1482.440321
33	83	2	26	0.031604
33	84	2	26	-0.058768
33	85	2	26	0.029870
33	86	2	26	-0.507791
33	87	2	26	2.864375
33	88	2	26	-27.113726
33	89	2	26	67.329039
33	90	2	26	-103.794634
33	91	2	26	127.926169
33	92	2	26	-4.373772
33	93	2	26	88.200309
33	96	2	26	-0.502747
33	97	2	26	0.004810
33	98	2	26	17.826700
34	34	2	2	3234.674256
34	35	2	2	-297.897155
34	36	2	2	2109.453868
34	37	2	2	688.763736
34	38	2	2	5666.603055
34	39	2	2	11474.062656
34	40	2	2	12374.342332
34	41	2	2	53475.990597
34	42	2	2	50283.079666
34	43	2	2	57674.080031
34	44	2	2	73734.745127
34	45	2	2	32382.049278
34	46	2	2	18067.760987
34	47	2	2	28694.477631
34	48	2	2	18509.327516
34	49	2	2	5909.667462
34	50	2	2	28135.010436
34	51	2	2	5854.376496
34	52	2	2	35077.377898
34	53	2	2	49653.132543
34	58	2	8	0.201879
34	59	2	8	-0.299026
34	60	2	8	0.648635
34	61	2	8	0.550083
34	62	2	8	0.962200
34	63	2	8	1.272611
34	64	2	8	2.267632
34	65	2	8	3.455884
34	66	2	8	58.874684
34	67	2	8	-716.305723
34	68	2	8	488.895514
34	69	2	8	1051.794323
34	70	2	8	822.610224
34	71	2	8	1463.861567
34	72	2	8	451.544458
34	73	2	8	261.540123
34	75	2	8	-213.558842
34	76	2	8	-110.685044
34	77	2	8	1264.874994
34	78	2	8	1023.668959
34	83	2	26	0.011644
34	84	2	26	-0.023195
34	85	2	26	0.009258
34	86	2	26	-0.203830
34	87	2	26	1.168047
34	88	2	26	-11.658746
34	89	2	26	40.037751
34	90	2	26	-61.638338
34	91	2	26	91.704069
34	92	2	26	6.114557
34	93	2	26	61.686076
34	96	2	26	-0.169457
34	97	2	26	0.003381
34	98	2	26	13.980430
35	35	2	2	4933.092213
35	36	2	2	431.364864
35	37	2	2	5568.412531
35	38	2	2	3159.491307
35	39	2	2	34306.593264
35	40	2	2	1750.513024
35	41	2	2	137073.969024
35	42	2	2	78813.993546
35	43	2	2	120415.608757
35	44	2	2	133970.428277
35	45	2	2	60481.077864
35	46	2	2	33307.631997
35	47	2	2	53058.449651
35	48	2	2	33087.205808
35	49	2	2	11236.830854
35	50	2	2	50171.899536
35	51	2	2	11094.371253
35	52	2	2	63748.698511
35	53	2	2	87180.217620
35	58	2	8	0.456535
35	59	2	8	-0.675422
35	60	2	8	1.463614
35	61	2	8	1.236979
35	62	2	8	2.175828
35	63	2	8	2.851379
35	64	2	8	5.177228
35	65	2	8	7.391497
35	66	2	8	135.630289
35	67	2	8	-1643.066006
35	68	2	8	687.669840
35	69	2	8	1950.012946
35	70	2	8	1218.508623
35	71	2	8	2648.870562
35	72	2	8	704.986005
35	73	2	8	441.530901
35	75	2	8	-557.007184
35	76	2	8	-387.088051
35	77	2	8	2017.437007
35	78	2	8	1830.273756
35	83	2	26	0.045282
35	84	2	26	-0.083218
35	85	2	26	0.043912
35	86	2	26	-0.716862
35	87	2	26	4.031857
35	88	2	26	-37.779800
35	89	2	26	87.109999
35	90	2	26	-134.330802
35	91	2	26	155.947447
35	92	2	26	-11.029829
35	93	2	26	108.449569
35	96	2	26	-0.728838
35	97	2	26	0.005903
35	98	2	26	21.000985
36	36	2	2	3883.796702
36	37	2	2	-338.765879
36	38	2	2	10661.400623
36	39	2	2	11848.488077
36	40	2	2	25385.024999
36	41	2	2	63432.054605
36	42	2	2	77624.675511
36	43	2	2	78224.979255
36	44	2	2	107174.940009
36	45	2	2	46489.285526
36	46	2	2	26086.429159
36	47	2	2	41392.735915
36	48	2	2	27094.413221
36	49	2	2	8418.403596
36	50	2	2	41234.030772
36	51	2	2	8344.512734
36	52	2	2	50986.828487
36	53	2	2	73269.232278
36	58	2	8	0.260134
36	59	2	8	-0.385575
36	60	2	8	0.836854
36	61	2	8	0.711083
36	62	2	8	1.239893
36	63	2	8	1.648456
36	64	2	8	2.905868
36	65	2	8	4.593224
36	66	2	8	75.040654
36	67	2	8	-919.987240
36	68	2	8	783.889372
36	69	2	8	1513.445142
36	70	2	8	1295.028268
36	71	2	8	2130.816549
36	72	2	8	697.710858
36	73	2	8	391.786052
36	75	2	8	-250.531053
36	76	2	8	-95.193723
36	77	2	8	1938.295269
36	78	2	8	1498.615170
36	83	2	26	0.008386
36	84	2	26	-0.019094
36	85	2	26	0.003971
36	86	2	26	-0.172843
36	87	2	26	1.019371
36	88	2	26	-11.037220
36	89	2	26	52.955921
36	90	2	26	-81.667276
36	91	2	26	136.990503
36	92	2	26	16.746538
36	93	2	26	90.913979
36	96	2	26	-0.098642
36	97	2	26	0.004999
36	98	2	26	21.864614
37	37	2	2	12344.644935
37	38	2	2	-5493.184112
37	39	2	2	69373.142988
37	40	2	2	-26548.256372
37	41	2	2	259708.214113
37	42	2	2	98685.599720
37	43	2	2	200205.277639
37	44	2	2	198128.850824
37	45	2	2	91754.894491
37	46	2	2	49925.271339
37	47	2	2	79799.199719
37	48	2	2	48100.930870
37	49	2	2	17365.176862
37	50	2	2	72799.386570
37	51	2	2	17054.562518
37	52	2	2	94266.679827
37	53	2	2	124579.104814
37	58	2	8	0.794379
37	59	2	8	-1.174406
37	60	2	8	2.543342
37	61	2	8	2.145067
37	62	2	8	3.785856
37	63	2	8	4.933701
37	64	2	8	9.060486
37	65	2	8	12.407160
37	66	2	8	238.817128
37	67	2	8	-2918.294520
37	68	2	8	728.021599
37	69	2	8	2941.000584
37	70	2	8	1405.690122
37	71	2	8	3902.412602
37	72	2	8	876.151575
37	73	2	8	604.991739
37	75	2	8	-1064.702517
37	76	2	8	-838.717914
37	77	2	8	2580.739391
37	78	2	8	2663.958717
37	83	2	26	0.102029
37	84	2	26	-0.183009
37	85	2	26	0.104033
37	86	2	26	-1.566542
37	87	2	26	8.757644
37	88	2	26	-80.279065
37	89	2	26	149.733602
37	90	2	26	-231.104601
37	91	2	26	214.723382
37	92	2	26	-48.399021
37	93	2	26	154.938948
37	96	2	26	-1.696549
37	97	2	26	0.008375
37	98	2	26	24.551494
38	38	2	2	68307.341319
38	39	2	2	-55833.632582
38	40	2	2	220027.474972
38	41	2	2	-91442.327432
38	42	2	2	316604.310019
38	43	2	2	122810.053514
38	44	2	2	317786.933456
38	45	2	2	126539.007283
38	46	2	2	74012.231809
38	47	2	2	116014.854881
38	48	2	2	84526.522763
38	49	2	2	21178.847991
38	50	2	2	129362.527879
38	51	2	2	21558.849317
38	52	2	2	151094.685958
38	53	2	2	239224.094141
38	58	2	8	0.102324
38	59	2	8	-0.157685
38	60	2	8	0.353319
38	61	2	8	0.331985
38	62	2	8	0.488595
38	63	2	8	0.847054
38	64	2	8	0.772263
38	65	2	8	5.025892
38	66	2	8	10.481129
38	67	2	8	-228.169199
38	68	2	8	3746.132987
38	69	2	8	4272.332662
38	70	2	8	5831.118036
38	71	2	8	6459.414007
38	72	2	8	2903.250972
38	73	2	8	1423.124134
38	75	2	8	498.088965
38	76	2	8	1090.168994
38	77	2	8	7812.206729
38	78	2	8	4666.162957
38	83	2	26	-0.148176
38	84	2	26	0.237440
38	85	2	26	-0.183220
38	86	2	26	1.969378
38	87	2	26	-10.696543
38	88	2	26	86.675439
38	89	2	26	56.142656
38	90	2	26	-81.553453
38	91	2	26	486.316698
38	92	2	26	208.778079
38	93	2	26	297.698233
38	96	2	26	2.782205
38	97	2	26	0.016597
38	98	2	26	97.080686
39	39	2	2	1026671.871384
39	40	2	2	-760062.889503
39	41	2	2	3803460.279400
39	42	2	2	781968.453465
39	43	2	2	2558873.179908
39	44	2	2	2165188.537620
39	45	2	2	1036008.043797
39	46	2	2	557136.755561
39	47	2	2	894018.862246
39	48	2	2	506815.860131
39	49	2	2	204416.064245
39	50	2	2	765399.843846
39	51	2	2	197304.524843
39	52	2	2	1027358.401796
39	53	2	2	1275460.833175
39	58	2	8	11.284215
39	59	2	8	-16.685657
39	60	2	8	36.140932
39	61	2	8	30.497890
39	62	2	8	53.779896
39	63	2	8	70.177473
39	64	2	8	128.633185
39	65	2	8	176.128131
39	66	2	8	3400.320893
39	67	2	8	-41134.831741
39	68	2	8	2396.844340
39	69	2	8	32779.998485
39	70	2	8	7749.652751
39	71	2	8	41781.983880
39	72	2	8	6404.397304
39	73	2	8	5584.874460
39	75	2	8	-16285.873059
39	76	2	8	-14346.280389
39	77	2	8	20314.775650
39	78	2	8	28169.850231
39	83	2	26	1.740334
39	84	2	26	-3.094254
39	85	2	26	1.805240
39	86	2	26	-26.417093
39	87	2	26	147.077143
39	88	2	26	-1334.356824
39	89	2	26	2022.229461
39	90	2	26	-3114.139418
39	91	2	26	2024.780850
39	92	2	26	-1114.184568
39	93	2	26	1571.229022
39	96	2	26	-30.147200
39	97	2	26	0.084444
39	98	2	26	144.123288
40	40	2	2	15481730.631106
40	41	2	2	-17518756.976721
40	42	2	2	26312984.328335
40	43	2	2	6206254.807717
40	44	2	2	22794622.961897
40	45	2	2	9357192.883245
40	46	2	2	5291946.591787
40	47	2	2	8210614.008510
40	48	2	2	6857931.783803
40	49	2	2	1125242.214870
40	50	2	2	10212971.472660
40	51	2	2	1458243.226148
40	52	2	2	11355980.369762
40	53	2	2	18817419.858353
40	58	2	8	33.271522
40	59	2	8	-47.957748
40	60	2	8	101.587594
40	61	2	8	79.171508
40	62	2	8	158.244832
40	63	2	8	167.277971
40	64	2	8	439.201681
40	65	2	8	104.742097
40	66	2	8	10717.483394
40	67	2	8	94017.310168
40	68	2	8	399060.428560
40	69	2	8	271545.324579
40	70	2	8	557472.728785
40	71	2	8	473195.768756
40	72	2	8	267990.270370
40	73	2	8	112367.723387
40	75	2	8	92504.214358
40	76	2	8	148891.410587
40	77	2	8	683839.275235
40	78	2	8	357114.624085
40	83	2	26	-22.282570
40	84	2	26	42.068153
40	85	2	26	-20.280008
40	86	2	26	363.146113
40	87	2	26	-1998.340555
40	88	2	26	18645.779385
40	89	2	26	-6052.091397
40	90	2	26	5471.508949
40	91	2	26	44696.934033
40	92	2	26	26099.015208
40	93	2	26	25565.000465
40	96	2	26	479.419810
40	97	2	26	1.399085
40	98	2	26	10356.644267
41	41	2	2	125673297.962746
41	42	2	2	-76631141.010030
41	43	2	2	22512934.626695
41	44	2	2	-13609651.752970
41	45	2	2	-5619630.068570
41	46	2	2	-2692604.239229
41	47	2	2	-9311701.581318
41	48	2	2	-3858503.435035
41	49	2	2	-2376085.842889
41	50	2	2	-5532253.769839
41	51	2	2	488592.310936
41	52	2	2	-5497778.670871
41	53	2	2	-13419030.589866
41	58	2	8	-45.127060
41	59	2	8	46.617976
41	60	2	8	-63.860196
41	61	2	8	52.512774
41	62	2	8	-210.539139
41	63	2	8	368.917331
41	64	2	8	-1571.740285
41	65	2	8	7347.858380
41	66	2	8	-47367.392756
41	67	2	8	-92681.229469
41	68	2	8	-1625129.351385
41	69	2	8	1047298.527485
41	70	2	8	-1209880.996650
41	71	2	8	593304.184832
41	72	2	8	-509442.526779
41	73	2	8	219452.556569
41	75	2	8	-47515.011843
41	76	2	8	-13421.466132
41	77	2	8	-357237.023956
41	78	2	8	-92436.901627
41	83	2	26	83.137888
41	84	2	26	-201.370289
41	85	2	26	23.804249
41	86	2	26	-1792.947950
41	87	2	26	9415.954320
41	88	2	26	-97237.702445
41	89	2	26	157027.999895
41	90	2	26	-69568.161296
41	91	2	26	-5303.177868
41	92	2	26	-61957.396796
41	93	2	26	7349.040586
41	96	2	26	-765.367725
41	97	2	26	-0.813625
41	98	2	26	-11930.053919
42	42	2	2	752041054.058776
42	43	2	2	327276112.747928
42	44	2	2	505219970.993579
42	45	2	2	233263607.565625
42	46	2	2	118972852.385803
42	47	2	2	263259583.966747
42	48	2	2	88808712.544997
42	49	2	2	81441351.090298
42	50	2	2	148373706.793409
42	51	2	2	32103810.120964
42	52	2	2	216508841.292096
42	53	2	2	294541382.750506
42	58	2	8	-273.480084
42	59	2	8	556.368221
42	60	2	8	-1485.570821
42	61	2	8	-2057.886490
42	62	2	8	-1336.511987
42	63	2	8	-6620.095377
42	64	2	8	5005.539262
42	65	2	8	-67367.109783
42	66	2	8	235669.139441
42	67	2	8	-11588865.122413
42	68	2	8	11900673.873645
42	69	2	8	-3943089.757542
42	70	2	8	7728701.494479
42	71	2	8	688360.762664
42	72	2	8	3586778.271089
42	73	2	8	-1859417.344839
42	75	2	8	-5158850.096923
42	76	2	8	-5977720.849347
42	77	2	8	1407129.750776
42	78	2	8	4995892.735974
42	83	2	26	102.091569
42	84	2	26	237.441525
42	85	2	26	599.313016
42	86	2	26	2469.694777
42	87	2	26	-6801.708611
42	88	2	26	135435.488491
42	89	2	26	-807961.276414
42	90	2	26	-423882.231619
42	91	2	26	-124624.145113
42	92	2	26	-132760.269265
42	93	2	26	-13090.212109
42	96	2	26	-12626.347403
42	97	2	26	12.559835
42	98	2	26	-34359.373763
43	43	2	2	1648176797.158535
43	44	2	2	794214056.621817
43	45	2	2	61767162.272982
43	46	2	2	456982430.573568
43	47	2	2	106607018.652970
43	48	2	2	358626488.779896
43	49	2	2	89652703.918912
43	50	2	2	177269118.688137
43	51	2	2	34309347.447645
43	52	2	2	253674065.231368
43	53	2	2	370897339.817586
43	58	2	8	624.689765
43	59	2	8	-890.888438
43	60	2	8	1869.078023
43	61	2	8	1403.491782
43	62	2	8	2970.465605
43	63	2	8	2819.133470
43	64	2	8	8919.477413
43	65	2	8	-4415.439778
43	66	2	8	244080.751598
43	67	2	8	1764853.631852
43	68	2	8	-29587981.195929
43	69	2	8	13627671.885360
43	70	2	8	-6048612.975233
43	71	2	8	2140496.456349
43	72	2	8	-1585821.228622
43	73	2	8	-1346886.285718
43	75	2	8	-5030313.192491
43	76	2	8	-4835281.339120
43	77	2	8	3928340.589667
43	78	2	8	4369333.174467
43	83	2	26	18.888984
43	84	2	26	717.228131
43	85	2	26	906.896590
43	86	2	26	6834.002802
43	87	2	26	-24070.618591
43	88	2	26	338769.992709
43	89	2	26	-1121295.827209
43	90	2	26	406003.055281
43	91	2	26	-689349.340162
43	92	2	26	889164.822304
43	93	2	26	-417085.940011
43	96	2	26	-8778.799492
43	97	2	26	7.927430
43	98	2	26	-67534.690146
44	44	2	2	2683359930.463126
44	45	2	2	-300442249.270647
44	46	2	2	923304095.215416
44	47	2	2	462242105.227864
44	48	2	2	311136881.017300
44	49	2	2	313706947.308941
44	50	2	2	220223494.043524
44	51	2	2	92380138.502538
44	52	2	2	405514865.268322
44	53	2	2	626828810.279972
44	58	2	8	1546.967688
44	59	2	8	-2239.932057
44	60	2	8	4763.955049
44	61	2	8	3768.437710
44	62	2	8	7363.650894
44	63	2	8	8071.159541
44	64	2	8	20318.362535
44	65	2	8	2525.170108
44	66	2	8	546578.874970
44	67	2	8	4572674.630053
44	68	2	8	-42074093.504148
44	69	2	8	27886214.725698
44	70	2	8	-17594108.484726
44	71	2	8	21419899.897825
44	72	2	8	-6979147.833459
44	73	2	8	3063330.604327
44	75	2	8	-4713345.123660
44	76	2	8	-4182367.344219
44	77	2	8	11160097.461786
44	78	2	8	8839344.816260
44	83	2	26	627.801058
44	84	2	26	-385.291321
44	85	2	26	1513.478936
44	86	2	26	-2556.208948
44	87	2	26	26946.822592
44	88	2	26	-120864.844886
44	89	2	26	742964.798609
44	90	2	26	-1169904.388279
44	91	2	26	1071865.128983
44	92	2	26	-2349.113353
44	93	2	26	25408.491730
44	96	2	26	-14633.633761
44	97	2	26	19.175997
44	98	2	26	-47849.082749
45	45	2	2	2264609940.768755
45	46	2	2	-610825928.133845
45	47	2	2	1013973681.204505
45	48	2	2	120616242.104553
45	49	2	2	58748140.161132
45	50	2	2	396672988.482500
45	51	2	2	90799072.916622
45	52	2	2	324965023.232570
45	53	2	2	521813398.908852
45	58	2	8	727.294078
45	59	2	8	-1028.832370
45	60	2	8	2142.441784
45	61	2	8	1561.246132
45	62	2	8	3456.691435
45	63	2	8	3009.425784
45	64	2	8	10850.355447
45	65	2	8	-8912.449832
45	66	2	8	308755.499639
45	67	2	8	-116931.285782
45	68	2	8	41083796.277285
45	69	2	8	-42206334.342724
45	70	2	8	39752830.148375
45	71	2	8	-27822307.556433
45	72	2	8	15372399.364980
45	73	2	8	-14590510.754872
45	75	2	8	-6975835.681178
45	76	2	8	-7694670.696706
45	77	2	8	3856426.234037
45	78	2	8	4691380.353824
45	83	2	26	118.715487
45	84	2	26	298.984877
45	85	2	26	725.572168
45	86	2	26	3045.124928
45	87	2	26	-7849.849186
45	88	2	26	156771.705642
45	89	2	26	-882876.191594
45	90	2	26	-739952.968768
45	91	2	26	-39319.541689
45	92	2	26	-634481.611889
45	93	2	26	659134.328603
45	96	2	26	1123.272151
45	97	2	26	1.065903
45	98	2	26	-122438.343339
46	46	2	2	2719560231.486714
46	47	2	2	-864382439.042281
46	48	2	2	984305838.817039
46	49	2	2	210983701.967770
46	50	2	2	-133131809.534076
46	51	2	2	-19854120.607228
46	52	2	2	179122686.521593
46	53	2	2	238923625.871955
46	58	2	8	277.400397
46	59	2	8	-411.509889
46	60	2	8	893.772137
46	61	2	8	761.204191
46	62	2	8	1322.599886
46	63	2	8	1765.944793
46	64	2	8	3118.825566
46	65	2	8	4518.601297
46	66	2	8	77286.244703
46	67	2	8	1763669.509462
46	68	2	8	-35092219.511434
46	69	2	8	24594965.163861
46	70	2	8	-59767816.852825
46	71	2	8	36447246.568394
46	72	2	8	-31539976.205433
46	73	2	8	15633610.167476
46	75	2	8	-6510869.295873
46	76	2	8	-5825385.957444
46	77	2	8	-749076.728253
46	78	2	8	1879627.462493
46	83	2	26	168.080371
46	84	2	26	-109.914492
46	85	2	26	397.209274
46	86	2	26	-748.590164
46	87	2	26	7575.733749
46	88	2	26	-38193.933829
46	89	2	26	351807.742074
46	90	2	26	378660.584587
46	91	2	26	-1352954.380570
46	92	2	26	974572.897331
46	93	2	26	-1449376.209896
46	96	2	26	-32320.200280
46	97	2	26	-0.476573
46	98	2	26	-178398.521201
47	47	2	2	5209766959.260524
47	48	2	2	-2603193456.583542
47	49	2	2	744403323.033101
47	50	2	2	738180479.583320
47	51	2	2	334689504.933188
47	52	2	2	454489053.880057
47	53	2	2	930358897.600990
47	58	2	8	490.842931
47	59	2	8	-698.142105
47	60	2	8	1461.131157
47	61	2	8	1086.594784
47	62	2	8	2333.660415
47	63	2	8	2154.303243
47	64	2	8	7113.873265
47	65	2	8	-4336.662585
47	66	2	8	197763.877165
47	67	2	8	822604.864260
47	68	2	8	22332047.179598
47	69	2	8	-30678546.544810
47	70	2	8	34680542.541802
47	71	2	8	-112783180.777556
47	72	2	8	71799899.880564
47	73	2	8	-64992225.356658
47	75	2	8	-14032318.365538
47	76	2	8	-21750852.397558
47	77	2	8	-5015568.418695
47	78	2	8	2420232.714697
47	83	2	26	20.972643
47	84	2	26	36.412629
47	85	2	26	108.872909
47	86	2	26	380.641841
47	87	2	26	-1139.280703
47	88	2	26	26751.902342
47	89	2	26	-724574.029064
47	90	2	26	-913837.923157
47	91	2	26	850560.498904
47	92	2	26	-4532191.804095
47	93	2	26	3076653.466220
47	96	2	26	25503.476734
47	97	2	26	-27.765257
47	98	2	26	-318820.427517
48	48	2	2	6548989992.595592
48	49	2	2	-706292140.069686
48	50	2	2	323280151.324417
48	51	2	2	-98425123.045562
48	52	2	2	909148650.751191
48	53	2	2	812912643.052568
48	58	2	8	307.196946
48	59	2	8	-430.024790
48	60	2	8	886.732406
48	61	2	8	620.066751
48	62	2	8	1459.174557
48	63	2	8	1123.235518
48	64	2	8	4839.182894
48	65	2	8	-5857.734876
48	66	2	8	142936.956713
48	67	2	8	-740575.593461
48	68	2	8	-18670266.364601
48	69	2	8	12296719.557829
48	70	2	8	-30841627.288277
48	71	2	8	64437624.403732
48	72	2	8	-89298923.417151
48	73	2	8	56700319.218713
48	75	2	8	-37034853.488051
48	76	2	8	-28087882.121811
48	77	2	8	-7913387.685615
48	78	2	8	5016689.452860
48	83	2	26	264.522583
48	84	2	26	82.738428
48	85	2	26	927.119908
48	86	2	26	1252.622812
48	87	2	26	3196.602632
48	88	2	26	59171.789953
48	89	2	26	261740.798207
48	90	2	26	279784.489537
48	91	2	26	-941163.553740
48	92	2	26	3295829.973764
48	93	2	26	-7188874.537367
48	96	2	26	-161819.198592
48	97	2	26	-18.866497
48	98	2	26	-1004719.400855
49	49	2	2	6289472766.769368
49	50	2	2	-552790445.289636
49	51	2	2	1476242118.721862
49	52	2	2	770025432.059301
49	53	2	2	2044232652.064095
49	58	2	8	77.467149
49	59	2	8	-120.496552
49	60	2	8	271.971299
49	61	2	8	260.984853
49	62	2	8	370.481049
49	63	2	8	674.471331
49	64	2	8	562.917115
49	65	2	8	3735.456767
49	66	2	8	6846.857281
49	67	2	8	1478319.107579
49	68	2	8	-1943363.988606
49	69	2	8	-7968870.711011
49	70	2	8	-2027316.039831
49	71	2	8	-18424871.552585
49	72	2	8	-201103.003125
49	73	2	8	-90090188.140162
49	75	2	8	-44810245.539287
49	76	2	8	-62240074.026544
49	77	2	8	-40795163.255312
49	78	2	8	-4835368.141585
49	83	2	26	-84.539477
49	84	2	26	-134.439016
49	85	2	26	-423.762692
49	86	2	26	-1428.774734
49	87	2	26	2539.220348
49	88	2	26	-66410.472464
49	89	2	26	-265066.302103
49	90	2	26	-83066.082014
49	91	2	26	-83054.284587
49	92	2	26	-354709.378851
49	93	2	26	247391.850306
49	96	2	26	22541.550431
49	97	2	26	-97.874866
49	98	2	26	-1143183.914081
50	50	2	2	5203112226.925777
50	51	2	2	-959607490.786749
50	52	2	2	1207944293.516073
50	53	2	2	874992786.936693
50	58	2	8	719.758073
50	59	2	8	-1029.559972
50	60	2	8	2165.926262
50	61	2	8	1643.880810
50	62	2	8	3423.419554
50	63	2	8	3346.259864
50	64	2	8	10137.126692
50	65	2	8	-4216.685173
50	66	2	8	284224.214488
50	67	2	8	381612.365834
50	68	2	8	1737905.947349
50	69	2	8	-2155243.456371
50	70	2	8	13788917.566990
50	71	2	8	-38438611.526062
50	72	2	8	53074079.011019
50	73	2	8	-109040748.419421
50	75	2	8	-32972464.382920
50	76	2	8	-32091949.333863
50	77	2	8	1878176.609882
50	78	2	8	4302852.193920
50	83	2	26	318.369149
50	84	2	26	62.301801
50	85	2	26	1072.055107
50	86	2	26	1147.231198
50	87	2	26	5030.222263
50	88	2	26	56467.551628
50	89	2	26	111063.768224
50	90	2	26	107851.190099
50	91	2	26	78321.593183
50	92	2	26	1346061.543680
50	93	2	26	-347086.949058
50	96	2	26	6745.908582
50	97	2	26	-16.020282
50	98	2	26	-497633.716979
51	51	2	2	3109125740.865889
51	52	2	2	923252115.457109
51	53	2	2	160113880.806034
51	58	2	8	97.086404
51	59	2	8	-136.878333
51	60	2	8	284.147633
51	61	2	8	204.417729
51	62	2	8	461.329758
51	63	2	8	386.849481
51	64	2	8	1472.799209
51	65	2	8	-1377.772268
51	66	2	8	42178.439624
51	67	2	8	-65187.619946
51	68	2	8	42530.127511
51	69	2	8	-616975.747969
51	70	2	8	2802790.779978
51	71	2	8	-9223657.513126
51	72	2	8	11709946.516467
51	73	2	8	-26953218.469389
51	75	2	8	-50754991.687584
51	76	2	8	14312525.082271
51	77	2	8	-9051471.558096
51	78	2	8	4134940.562715
51	83	2	26	44.083924
51	84	2	26	7.055676
51	85	2	26	146.604216
51	86	2	26	143.607445
51	87	2	26	700.584861
51	88	2	26	8085.606954
51	89	2	26	50229.239044
51	90	2	26	-22155.238115
51	91	2	26	133486.682072
51	92	2	26	79192.564917
51	93	2	26	438901.468037
51	96	2	26	718.328583
51	97	2	26	-63.791618
51	98	2	26	-147567.882562
52	52	2	2	9693271999.221203
52	53	2	2	2010251642.399457
52	58	2	8	139.744764
52	59	2	8	-148.100952
52	60	2	8	212.755845
52	61	2	8	-130.267041
52	62	2	8	653.527716
52	63	2	8	-1028.016999
52	64	2	8	4752.681703
52	65	2	8	-22565.183748
52	66	2	8	166146.529070
52	67	2	8	-4232722.651735
52	68	2	8	-6450302.312710
52	69	2	8	-8682164.545116
52	70	2	8	-7309443.679235
52	71	2	8	-19848066.122624
52	72	2	8	-24507879.442487
52	73	2	8	-36062828.734061
52	75	2	8	-402628411.636078
52	76	2	8	-67106775.779120
52	77	2	8	-30116259.507367
52	78	2	8	14029232.359681
52	83	2	26	294.847347
52	84	2	26	-58.062755
52	85	2	26	856.045602
52	86	2	26	-35.288870
52	87	2	26	8469.056667
52	88	2	26	730.694969
52	89	2	26	271879.303451
52	90	2	26	141205.280179
52	91	2	26	398547.554295
52	92	2	26	999853.312669
52	93	2	26	241774.595638
52	96	2	26	74081.733536
52	97	2	26	-152.521865
52	98	2	26	-2593949.186085
53	53	2	2	12475396424.495285
53	58	2	8	1743.261495
53	59	2	8	-2539.363592
53	60	2	8	5429.456808
53	61	2	8	4378.573358
53	62	2	8	8301.309415
53	63	2	8	9587.788663
53	64	2	8	22080.563129
53	65	2	8	9192.128741
53	66	2	8	585703.835059
53	67	2	8	5704833.864874
53	68	2	8	683974.597445
53	69	2	8	-10411700.880299
53	70	2	8	6592549.801285
53	71	2	8	-39438656.959326
53	72	2	8	-3778853.587220
53	73	2	8	-104503333.369427
53	75	2	8	-117249848.137874
53	76	2	8	-422595689.927709
53	77	2	8	-222218492.252992
53	78	2	8	-31066032.404567
53	83	2	26	482.406464
53	84	2	26	-177.794294
53	85	2	26	1303.067492
53	86	2	26	-851.910350
53	87	2	26	17135.845212
53	88	2	26	-45133.015547
53	89	2	26	-174885.535863
53	90	2	26	206284.776914
53	91	2	26	109117.658673
53	92	2	26	1440018.700745
53	93	2	26	-343491.533112
53	96	2	26	70396.811345
53	97	2	26	-427.691584
53	98	2	26	-5417224.548951
58	58	8	8	28.684387
58	59	8	8	-19.027584
58	60	8	8	5.587086
58	61	8	8	-1.145966
58	62	8	8	3.673735
58	63	8	8	1.097235
58	64	8	8	6.326309
58	65	8	8	4.177937
58	66	8	8	70.117894
58	67	8	8	143.356901
58	68	8	8	82.035043
58	69	8	8	135.571186
58	70	8	8	147.654752
58	71	8	8	167.809026
58	72	8	8	54.094543
58	73	8	8	55.250946
58	75	8	8	118.413428
58	76	8	8	147.744846
58	77	8	8	220.085733
58	78	8	8	40.707585
58	83	8	26	-0.000066
58	84	8	26	-0.001241
58	85	8	26	-0.001663
58	86	8	26	-0.012172
58	87	8	26	0.049025
58	88	8	26	-0.714296
58	89	8	26	0.029650
58	90	8	26	0.731809
58	91	8	26	2.764768
58	92	8	26	1.608050
58	93	8	26	2.353003
58	96	8	26	0.010856
58	97	8	26	0.000063
58	98	8	26	0.195852
59	59	8	8	14.366773
59	60	8	8	-5.713944
59	61	8	8	0.461913
59	62	8	8	-4.506725
59	63	8	8	-2.416284
59	64	8	8	-8.382740
59	65	8	8	-8.368264
59	66	8	8	-97.104275
59	67	8	8	-225.397959
59	68	8	8	-122.097954
59	69	8	8	-199.487791
59	70	8	8	-220.548637
59	71	8	8	-246.634772
59	72	8	8	-80.528088
59	73	8	8	-81.703319
59	75	8	8	-177.287392
59	76	8	8	-220.237404
59	77	8	8	-326.027075
59	78	8	8	-59.007773
59	83	8	26	0.000065
59	84	8	26	0.001777
59	85	8	26	0.002290
59	86	8	26	0.017358
59	87	8	26	-0.070363
59	88	8	26	1.012592
59	89	8	26	0.572272
59	90	8	26	-1.384729
59	91	8	26	-3.660973
59	92	8	26	-2.459100
59	93	8	26	-3.309580
59	96	8	26	-0.013363
59	97	8	26	-0.000085
59	98	8	26	-0.220550
60	60	8	8	7.675025
60	61	8	8	1.274263
60	62	8	8	8.053437
60	63	8	8	6.698679
60	64	8	8	16.363438
60	65	8	8	22.168113
60	66	8	8	198.188446
60	67	8	8	512.976299
60	68	8	8	265.929870
60	69	8	8	430.284011
60	70	8	8	481.794680
60	71	8	8	531.440006
60	72	8	8	175.419462
60	73	8	8	176.978117
60	75	8	8	388.049074
60	76	8	8	480.300307
60	77	8	8	707.263952
60	78	8	8	125.622432
60	83	8	26	-0.000081
60	84	8	26	-0.003743
60	85	8	26	-0.004649
60	86	8	26	-0.036415
60	87	8	26	0.148477
60	88	8	26	-2.112764
60	89	8	26	-2.376588
60	90	8	26	3.557807
60	91	8	26	7.141189
60	92	8	26	5.476460
60	93	8	26	6.855245
60	96	8	26	0.023979
60	97	8	26	0.000171
60	98	8	26	0.350275
61	61	8	8	6.577027
61	62	8	8	2.107570
61	63	8	8	9.807535
61	64	8	8	8.684730
61	65	8	8	30.289293
61	66	8	8	132.436956
61	67	8	8	503.883012
61	68	8	8	228.606238
61	69	8	8	357.912820
61	70	8	8	418.277315
61	71	8	8	440.507042
61	72	8	8	150.881770
61	73	8	8	149.367018
61	75	8	8	339.051642
61	76	8	8	414.664499
61	77	8	8	599.943904
61	78	8	8	99.730219
61	83	8	26	0.000104
61	84	8	26	-0.002853
61	85	8	26	-0.003029
61	86	8	26	-0.027345
61	87	8	26	0.114044
61	88	8	26	-1.552162
61	89	8	26	-5.265938
61	90	8	26	4.603601
61	91	8	26	3.764833
61	92	8	26	5.051447
61	93	8	26	4.886231
61	96	8	26	0.005993
61	97	8	26	0.000105
61	98	8	26	-0.069921
62	62	8	8	15.745439
62	63	8	8	5.748456
62	64	8	8	29.796460
62	65	8	8	20.459058
62	66	8	8	332.747275
62	67	8	8	686.269267
62	68	8	8	391.208835
62	69	8	8	646.010617
62	70	8	8	704.307101
62	71	8	8	799.566462
62	72	8	8	257.971323
62	73	8	8	263.364773
62	75	8	8	564.912223
62	76	8	8	704.637730
62	77	8	8	1049.212597
62	78	8	8	193.784845
62	83	8	26	-0.000309
62	84	8	26	-0.005900
62	85	8	26	-0.007893
62	86	8	26	-0.057854
62	87	8	26	0.233075
62	88	8	26	-3.393946
62	89	8	26	0.006948
62	90	8	26	3.554915
62	91	8	26	13.087550
62	92	8	26	7.683703
62	93	8	26	11.179767
62	96	8	26	0.051199
62	97	8	26	0.000297
62	98	8	26	0.919054
63	63	8	8	29.419819
63	64	8	8	9.168520
63	65	8	8	96.256325
63	66	8	8	223.156657
63	67	8	8	1324.905481
63	68	8	8	535.365541
63	69	8	8	810.595063
63	70	8	8	989.003045
63	71	8	8	993.949247
63	72	8	8	353.515857
63	73	8	8	343.414851
63	75	8	8	806.653556
63	76	8	8	975.194421
63	77	8	8	1386.400688
63	78	8	8	214.496342
63	83	8	26	0.000656
63	84	8	26	-0.005864
63	85	8	26	-0.004849
63	86	8	26	-0.055124
63	87	8	26	0.236989
63	88	8	26	-3.038018
63	89	8	26	-19.757147
63	90	8	26	14.335647
63	91	8	26	3.331090
63	92	8	26	12.613741
63	93	8	26	9.117253
63	96	8	26	-0.019960
63	97	8	26	0.000149
63	98	8	26	-1.023134
64	64	8	8	107.623928
64	65	8	8	-61.386630
64	66	8	8	1151.105832
64	67	8	8	929.989946
64	68	8	8	899.677099
64	69	8	8	1609.071659
64	70	8	8	1577.399749
64	71	8	8	2007.435335
64	72	8	8	592.676557
64	73	8	8	634.217013
64	75	8	8	1242.141808
64	76	8	8	1601.961954
64	77	8	8	2496.416726
64	78	8	8	531.217339
64	83	8	26	-0.002686
64	84	8	26	-0.017009
64	85	8	26	-0.028337
64	86	8	26	-0.171088
64	87	8	26	0.659761
64	88	8	26	-10.375843
64	89	8	26	33.257490
64	90	8	26	-7.693020
64	91	8	26	54.801063
64	92	8	26	14.229519
64	93	8	26	36.175845
64	96	8	26	0.272736
64	97	8	26	0.001118
64	98	8	26	6.001916
65	65	8	8	851.970347
65	66	8	8	-1625.743013
65	67	8	8	7633.453839
65	68	8	8	1517.963347
65	69	8	8	1561.183781
65	70	8	8	3058.263084
65	71	8	8	1808.107094
65	72	8	8	1003.499572
65	73	8	8	803.221416
65	75	8	8	2635.033958
65	76	8	8	2878.389455
65	77	8	8	3427.567806
65	78	8	8	92.450071
65	83	8	26	0.015561
65	84	8	26	0.000747
65	85	8	26	0.049333
65	86	8	26	0.043682
65	87	8	26	0.094989
65	88	8	26	5.255567
65	89	8	26	-255.133630
65	90	8	26	134.982685
65	91	8	26	-140.698127
65	92	8	26	55.353182
65	93	8	26	-37.650581
65	96	8	26	-1.027761
65	97	8	26	-0.002230
65	98	8	26	-26.809245
66	66	8	8	32565.481444
66	67	8	8	13994.556084
66	68	8	8	22134.914790
66	69	8	8	41260.469693
66	70	8	8	38158.983726
66	71	8	8	51749.913191
66	72	8	8	14616.231334
66	73	8	8	16006.031973
66	75	8	8	29617.719874
66	76	8	8	39101.273642
66	77	8	8	62624.843146
66	78	8	8	14329.712385
66	83	8	26	-0.141667
66	84	8	26	-0.388133
66	85	8	26	-0.897869
66	86	8	26	-4.066714
66	87	8	26	13.869717
66	88	8	26	-253.641502
66	89	8	26	1290.875817
66	90	8	26	-391.499914
66	91	8	26	1755.904339
66	92	8	26	327.339364
66	93	8	26	1061.455422
66	96	8	26	10.109150
66	97	8	26	0.034691
66	98	8	26	219.044781
67	67	8	8	1665252.224015
67	68	8	8	455939.644400
67	69	8	8	590635.433209
67	70	8	8	898593.128160
67	71	8	8	696168.296871
67	72	8	8	297542.618293
67	73	8	8	263489.625019
67	75	8	8	759727.176269
67	76	8	8	854545.196817
67	77	8	8	1108950.652783
67	78	8	8	99333.810280
67	83	8	26	10.856607
67	84	8	26	-15.078467
67	85	8	26	16.287198
67	86	8	26	-125.642805
67	87	8	26	798.511456
67	88	8	26	-6697.527422
67	89	8	26	-49135.446641
67	90	8	26	22468.808447
67	91	8	26	-31358.645508
67	92	8	26	9429.934777
67	93	8	26	-6777.451936
67	96	8	26	-400.034523
67	97	8	26	-0.454895
67	98	8	26	-7570.897097
68	68	8	8	5831296.354892
68	69	8	8	-716937.815638
68	70	8	8	2913130.851723
68	71	8	8	1468571.810393
68	72	8	8	1002466.834034
68	73	8	8	246108.930579
68	75	8	8	859610.920981
68	76	8	8	886449.933004
68	77	8	8	1153360.874251
68	78	8	8	266800.127884
68	83	8	26	-13.837973
68	84	8	26	40.167448
68	85	8	26	4.086302
68	86	8	26	356.416137
68	87	8	26	-1687.814723
68	88	8	26	17868.777962
68	89	8	26	-136042.431285
68	90	8	26	-121372.254836
68	91	8	26	25652.198452
68	92	8	26	-160177.182926
68	93	8	26	25914.885287
68	96	8	26	-2039.543944
68	97	8	26	0.120215
68	98	8	26	-7727.942298
69	69	8	8	4881791.658209
69	70	8	8	342759.341310
69	71	8	8	3297406.405568
69	72	8	8	540850.170664
69	73	8	8	1009010.436972
69	75	8	8	1030236.413759
69	76	8	8	1212963.401056
69	77	8	8	1349324.458999
69	78	8	8	288852.220381
69	83	8	26	27.970809
69	84	8	26	-25.497474
69	85	8	26	57.609222
69	86	8	26	-193.555990
69	87	8	26	1502.057258
69	88	8	26	-9562.652916
69	89	8	26	55649.535122
69	90	8	26	-83800.508650
69	91	8	26	-76616.538394
69	92	8	26	-7869.197928
69	93	8	26	-68442.550360
69	96	8	26	-2748.048821
69	97	8	26	1.051556
69	98	8	26	-173.129370
70	70	8	8	8054067.128804
70	71	8	8	-925838.553738
70	72	8	8	3113539.055114
70	73	8	8	-530017.121101
70	75	8	8	1082485.349128
70	76	8	8	1027388.950954
70	77	8	8	1470452.141940
70	78	8	8	365019.058306
70	83	8	26	3.242961
70	84	8	26	16.463329
70	85	8	26	29.664167
70	86	8	26	160.807464
70	87	8	26	-481.593670
70	88	8	26	8018.967221
70	89	8	26	-90115.698086
70	90	8	26	-19510.468458
70	91	8	26	-177690.909213
70	92	8	26	-46169.721575
70	93	8	26	4251.798530
70	96	8	26	-1659.849730
70	97	8	26	0.413290
70	98	8	26	-7886.893270
71	71	8	8	14403995.573620
71	72	8	8	-4953179.804379
71	73	8	8	4801397.303912
71	75	8	8	2080984.165877
71	76	8	8	2727112.251559
71	77	8	8	2652198.104694
71	78	8	8	574625.875183
71	83	8	26	26.486420
71	84	8	26	-13.402586
71	85	8	26	67.255898
71	86	8	26	-81.646025
71	87	8	26	1047.410417
71	88	8	26	-3806.203664
71	89	8	26	13932.775473
71	90	8	26	-136282.145756
71	91	8	26	100679.424811
71	92	8	26	-427146.809908
71	93	8	26	-12636.074050
71	96	8	26	-7278.429278
71	97	8	26	2.215845
71	98	8	26	6053.688129
72	72	8	8	12076071.971550
72	73	8	8	-4393310.622323
72	75	8	8	1368015.990549
72	76	8	8	615211.376359
72	77	8	8	1112510.391623
72	78	8	8	405055.747210
72	83	8	26	3.815986
72	84	8	26	8.760703
72	85	8	26	22.329895
72	86	8	26	89.509914
72	87	8	26	-213.189128
72	88	8	26	4477.745880
72	89	8	26	-28116.174985
72	90	8	26	-4587.855767
72	91	8	26	-99187.396878
72	92	8	26	165346.938834
72	93	8	26	-329283.225481
72	96	8	26	-7699.001957
72	97	8	26	0.144381
72	98	8	26	-44360.467867
73	73	8	8	10871994.266668
73	75	8	8	2441347.050163
73	76	8	8	4142013.841754
73	77	8	8	2565641.410932
73	78	8	8	332111.263266
73	83	8	26	8.603589
73	84	8	26	-5.807407
73	85	8	26	20.138283
73	86	8	26	-40.556442
73	87	8	26	385.279681
73	88	8	26	-1801.351464
73	89	8	26	11367.882686
73	90	8	26	-18766.243259
73	91	8	26	29679.291608
73	92	8	26	-64853.691350
73	93	8	26	24424.206284
73	96	8	26	-1667.529816
73	97	8	26	5.335109
73	98	8	26	73678.113575
75	75	8	8	18988986.365148
75	76	8	8	4289476.773173
75	77	8	8	3870841.910045
75	78	8	8	-274947.622938
75	83	8	26	8.433599
75	84	8	26	-1.261318
75	85	8	26	24.983258
75	86	8	26	2.094519
75	87	8	26	243.744996
75	88	8	26	5.222739
75	89	8	26	-16822.668477
75	90	8	26	-14413.558304
75	91	8	26	-1900.111704
75	92	8	26	-41023.645923
75	93	8	26	-6909.890297
75	96	8	26	-6483.287872
75	97	8	26	7.023243
75	98	8	26	136262.029656
76	76	8	8	18249827.300074
76	77	8	8	8410299.487127
76	78	8	8	1975142.102833
76	83	8	26	12.328275
76	84	8	26	-0.290487
76	85	8	26	38.355199
76	86	8	26	17.843528
76	87	8	26	287.061792
76	88	8	26	1043.106001
76	89	8	26	-11643.155857
76	90	8	26	-12093.905658
76	91	8	26	11853.615407
76	92	8	26	-43096.803549
76	93	8	26	29224.614984
76	96	8	26	-4494.036838
76	97	8	26	26.534868
76	98	8	26	203242.825383
77	77	8	8	10042649.511640
77	78	8	8	1150860.020587
77	83	8	26	28.179380
77	84	8	26	-4.051262
77	85	8	26	83.621210
77	86	8	26	9.839238
77	87	8	26	795.133639
77	88	8	26	187.323209
77	89	8	26	-17697.284041
77	90	8	26	-17766.831306
77	91	8	26	11039.125156
77	92	8	26	-20289.394817
77	93	8	26	-19041.416757
77	96	8	26	-1568.679000
77	97	8	26	-0.550720
77	98	8	26	-56402.866557
78	78	8	8	1892692.914447
78	83	8	26	10.480596
78	84	8	26	-4.520918
78	85	8	26	27.537698
78	86	8	26	-24.887644
78	87	8	26	387.551579
78	88	8	26	-1133.807863
78	89	8	26	2853.019265
78	90	8	26	-10453.632107
78	91	8	26	6844.663254
78	92	8	26	-174.858811
78	93	8	26	-8881.214346
78	96	8	26	14.518212
78	97	8	26	-10.756659
78	98	8	26	-67685.119215
83	83	26	26	0.428202
83	84	26	26	-0.281680
83	85	26	26	0.474186
83	86	26	26	0.053334
83	87	26	26	1.576607
83	88	26	26	0.345793
83	89	26	26	2.946512
83	90	26	26	0.628479
83	91	26	26	5.301408
83	92	26	26	2.162440
83	93	26	26	2.516935
83	96	26	26	0.086201
83	97	26	26	0.000050
83	98	26	26	0.923178
84	84	26	26	0.355401
84	85	26	26	-0.147239
84	86	26	26	0.728930
84	87	26	26	-0.706683
84	88	26	26	4.318636
84	89	26	26	-2.959503
84	90	26	26	2.288060
84	91	26	26	4.159816
84	92	26	26	2.001189
84	93	26	26	1.486984
84	96	26	26	0.096204
84	97	26	26	0.000027
84	98	26	26	1.069018
85	85	26	26	1.251448
85	86	26	26	1.057611
85	87	26	26	4.095481
85	88	26	26	6.185623
85	89	26	26	5.738040
85	90	26	26	4.673027
85	91	26	26	21.522300
85	92	26	26	9.139962
85	93	26	26	9.643097
85	96	26	26	0.383673
85	97	26	26	0.000188
85	98	26	26	4.156303
86	86	26	26	6.225363
86	87	26	26	-3.581666
86	88	26	26	41.618585
86	89	26	26	-22.796930
86	90	26	26	22.841454
86	91	26	26	49.185480
86	92	26	26	22.913772
86	93	26	26	18.679687
86	96	26	26	1.071577
86	97	26	26	0.000338
86	98	26	26	11.806567
87	87	26	26	54.127959
87	88	26	26	-131.983376
87	89	26	26	172.435774
87	90	26	26	-58.228404
87	91	26	26	5.028510
87	92	26	26	-6.611043
87	93	26	26	19.185625
87	96	26	26	-0.821618
87	97	26	26	-0.000141
87	98	26	26	-13.498775
88	88	26	26	1895.497585
88	89	26	26	-1258.219889
88	90	26	26	1006.997734
88	91	26	26	1792.188391
88	92	26	26	843.977745
88	93	26	26	624.928637
88	96	26	26	40.990023
88	97	26	26	0.024132
88	98	26	26	528.452743
89	89	26	26	12086.928894
89	90	26	26	63.960959
89	91	26	26	6670.657829
89	92	26	26	2303.711508
89	93	26	26	2823.830668
89	96	26	26	118.720131
89	97	26	26	0.082846
89	98	26	26	1319.276738
90	90	26	26	13658.740767
90	91	26	26	-2381.149917
90	92	26	26	12041.903937
90	93	26	26	721.548867
90	96	26	26	202.457576
90	97	26	26	0.006188
90	98	26	26	849.813559
91	91	26	26	31847.881068
91	92	26	26	-7466.511279
91	93	26	26	14201.315104
91	96	26	26	343.854844
91	97	26	26	0.145857
91	98	26	26	3156.879600
92	92	26	26	51371.359701
92	93	26	26	-15807.122718
92	96	26	26	246.244662
92	97	26	26	0.068165
92	98	26	26	646.474379
93	93	26	26	52578.170579
93	96	26	26	1248.042750
93	97	26	26	0.188654
93	98	26	26	7386.791669
96	96	26	26	296.586883
96	97	26	26	0.469008
96	98	26	26	-65.383663
97	97	26	26	0.221487
97	98	26	26	3.118408
98	98	26	26	24121.738821
