#i	Z	value [1/(GV.m2.sr.s)]
0	1	0.000000
1	1	14000.837511
2	1	17428.871015
3	1	22587.368264
4	1	28909.000624
5	1	34682.877256
6	1	39370.954379
7	1	47402.236620
8	1	63775.783181
9	1	122551.574363
10	1	210186.795105
11	1	254163.099873
12	1	428432.771996
13	1	435126.680692
14	1	839563.709703
15	1	1413042.245247
16	1	815405.993404
17	1	444466.172629
18	1	618223.023264
19	1	719309.856070
20	1	1136213.016175
21	1	958906.737344
22	1	800118.955804
23	1	280376.501416
24	1	0.000000
25	1	0.001424
26	1	0.000000
27	1	0.000000
28	2	0.000000
29	2	0.000000
30	2	0.000000
31	2	0.000000
32	2	1929.174759
33	2	3332.802835
34	2	3913.115090
35	2	6096.009211
36	2	7858.584933
37	2	11220.608477
38	2	15918.138038
39	2	33600.235426
40	2	83708.445411
41	2	154110.539878
42	2	206994.084470
43	2	302694.721339
44	2	431657.959147
45	2	162856.865115
46	2	119580.510766
47	2	167148.327219
48	2	108661.579168
49	2	138243.316918
50	2	198363.053039
51	2	268113.772918
52	2	423324.650820
53	2	196265.356991
54	2	0.000000
55	2	0.000000
56	2	0.000000
57	8	0.000000
58	8	5.853911
59	8	66.187552
60	8	86.705142
61	8	130.197251
62	8	183.633673
63	8	266.131735
64	8	402.482622
65	8	620.514005
66	8	2024.209154
67	8	7858.472017
68	8	7111.644503
69	8	11855.834707
70	8	12609.338611
71	8	14535.411688
72	8	4391.593574
73	8	4210.487697
74	8	0.000000
75	8	6599.935515
76	8	15110.248203
77	8	22163.631144
78	8	2847.135453
79	8	0.000000
80	8	0.000000
81	8	0.000000
82	26	0.000000
83	26	2.793064
84	26	9.423722
85	26	32.714637
86	26	62.525991
87	26	99.453923
88	26	264.127141
89	26	250.000250
90	26	166.930151
91	26	1071.837306
92	26	488.019747
93	26	497.456272
94	26	0.000000
95	26	0.000000
96	26	17.446192
97	26	0.000235
98	26	139.113008
99	26	0.000000
100	26	0.000000
101	26	0.000000
102	26	0.000000
103	26	0.000000
104	3	0.000000
105	3	0.000000
106	3	12.275001
107	3	32.323005
108	3	45.029007
109	3	25.129000
110	3	25.376901
111	3	59.300772
112	4	0.000000
113	4	3.988705
114	4	6.652688
115	4	15.226904
116	4	20.481794
117	4	17.754795
118	4	11.806233
119	4	23.739132
120	4	3.294795
121	5	0.000000
122	5	0.000000
123	5	25.046436
124	5	44.673293
125	5	59.380440
126	5	33.454016
127	5	42.637211
128	5	149.321156
129	6	0.000000
130	6	5.704025
131	6	64.785557
132	6	96.121906
133	6	191.446921
134	6	379.449182
135	6	695.675493
136	6	4309.311023
137	7	0.000000
138	7	0.643295
139	7	14.162076
140	7	26.133676
141	7	38.880341
142	7	57.312407
143	7	60.539238
144	7	69.706461
145	7	160.906581
146	9	0.000000
147	9	0.086137
148	9	0.640156
149	9	1.749011
150	9	3.921259
151	9	3.379508
152	9	3.138749
153	9	5.147548
154	10	0.000000
155	10	0.000000
156	10	9.095658
157	10	13.195761
158	10	33.072262
159	10	63.389273
160	10	106.243813
161	10	362.031658
162	11	0.000000
163	11	0.000000
164	11	1.307548
165	11	3.292912
166	11	6.068354
167	11	7.437784
168	11	7.665452
169	11	9.393248
170	12	0.000000
171	12	0.000000
172	12	13.087788
173	12	16.465304
174	12	39.121523
175	12	78.499598
176	12	127.079242
177	12	385.386001
178	13	0.000000
179	13	0.000000
180	13	1.464760
181	13	3.539579
182	13	7.217207
183	13	10.492239
184	13	13.827533
185	13	23.841304
186	14	0.000000
187	14	0.000000
188	14	9.616551
189	14	12.175928
190	14	29.591809
191	14	70.680492
192	14	123.128932
193	14	319.892597
194	15	0.000000
195	15	0.047925
196	15	0.085779
197	15	0.717919
198	15	1.292252
199	15	1.883595
200	15	1.306219
201	16	0.000000
202	16	0.000000
203	16	1.282769
204	16	2.621589
205	16	6.199619
206	16	11.645357
207	16	18.402093
208	16	29.639300
209	17	0.000000
210	17	0.000000
211	17	0.082351
212	17	0.680471
213	17	1.373152
214	17	1.770403
215	17	1.125001
216	18	0.000000
217	18	0.000000
218	18	0.116429
219	18	1.449223
220	18	2.744333
221	18	3.308262
222	18	3.233622
223	19	0.000000
224	19	0.068808
225	19	0.113552
226	19	1.150939
227	19	1.508552
228	19	2.413960
229	19	1.329373
230	20	0.000000
231	20	0.000000
232	20	0.775630
233	20	2.688709
234	20	3.177993
235	20	6.459374
236	20	4.575031
237	21	0.000000
238	21	0.000000
239	21	0.113909
240	21	0.587729
241	21	0.798521
242	21	1.024246
243	21	0.897793
244	22	0.000000
245	22	0.000000
246	22	0.600384
247	22	1.876118
248	22	2.457972
249	22	4.090497
250	22	2.477175
251	23	0.000000
252	23	0.000000
253	23	0.275016
254	23	0.897106
255	23	1.164382
256	23	2.313605
257	23	1.303197
258	24	0.000000
259	24	0.000000
260	24	0.697237
261	24	1.618189
262	24	2.681809
263	24	4.373576
264	24	3.237013
265	25	0.000000
266	25	0.000000
267	25	0.435681
268	25	0.983470
269	25	1.546368
270	25	4.034936
271	25	2.497450
272	27	0.000000
273	27	0.000000
274	27	0.025220
275	27	0.065176
276	27	0.073404
277	27	0.223273
278	27	0.151548
279	28	0.000000
280	28	0.000000
281	28	0.268136
282	28	0.470633
283	28	1.130601
284	28	3.055408
285	28	5.900623
