# (c) Hans Dembinski, MPIK hdembins@mpi-hd.mpg.de or hans.dembinski@gmail.com
# See README for more information.
#i	j	Z1	Z2	cov [1/(GV.m2.sr.s)^2]
#(zeros and redundant entries (covariance is symmetric) are omitted)
1	1	1	1	171795.938336
1	2	1	1	-104949.235331
1	3	1	1	39116.272543
1	4	1	1	-27620.503884
1	5	1	1	10024.464686
1	6	1	1	-16079.568707
1	7	1	1	2677.921060
1	8	1	1	-33383.436950
1	9	1	1	-36126.811740
1	10	1	1	-72180.531366
1	11	1	1	-156062.604577
1	12	1	1	-273374.947463
1	13	1	1	-181278.352417
1	14	1	1	-135535.684585
1	15	1	1	-68585.665647
1	16	1	1	-103654.822295
1	17	1	1	-76540.239950
1	18	1	1	-120997.678733
1	19	1	1	-100132.156161
1	20	1	1	-149555.154732
1	21	1	1	-45326.011306
1	22	1	1	-16563.473447
1	29	1	2	-22.385546
1	30	1	2	-31.659128
1	31	1	2	-48.384721
1	32	1	2	-82.596268
1	33	1	2	-127.107315
1	34	1	2	-57.314717
1	35	1	2	-129.858474
1	36	1	2	-120.371012
1	37	1	2	-2293.616121
1	38	1	2	-6120.206982
1	39	1	2	15282.948560
1	40	1	2	-5311.839514
1	41	1	2	-41422.735239
1	42	1	2	-21447.458525
1	43	1	2	-12386.510018
1	44	1	2	-17228.998466
1	45	1	2	-21430.963816
1	46	1	2	-20062.768737
1	47	1	2	-8695.320297
1	48	1	2	-18747.588694
1	49	1	2	-9393.017483
1	50	1	2	-107529.221489
1	55	1	8	0.004725
1	56	1	8	-0.013177
1	57	1	8	0.041313
1	58	1	8	0.072294
1	59	1	8	0.116530
1	60	1	8	0.126659
1	61	1	8	0.464466
1	62	1	8	-0.532865
1	63	1	8	18.722385
1	64	1	8	-303.598332
1	65	1	8	-1014.166091
1	66	1	8	-1027.355942
1	67	1	8	-1348.179554
1	68	1	8	-189.087555
1	69	1	8	-273.185428
1	71	1	8	-1023.130116
1	72	1	8	1999.296960
1	73	1	8	-1077.339572
1	80	1	26	0.000254
1	81	1	26	-0.000707
1	82	1	26	0.005460
1	83	1	26	-0.018651
1	84	1	26	0.082462
1	85	1	26	-0.494706
1	86	1	26	1.612903
1	87	1	26	5.801472
1	88	1	26	-10.974905
1	89	1	26	-65.704223
1	90	1	26	-89.020734
1	91	1	26	-38.974698
1	95	1	26	6.710176
1	100	1	26	31450.672915
2	2	1	1	125836.466505
2	3	1	1	-18898.587021
2	4	1	1	60366.380307
2	5	1	1	20535.937000
2	6	1	1	60120.655776
2	7	1	1	47032.177142
2	8	1	1	134345.786813
2	9	1	1	477533.326373
2	10	1	1	369531.794562
2	11	1	1	1982124.758431
2	12	1	1	1669817.621133
2	13	1	1	1012227.211119
2	14	1	1	1396764.166087
2	15	1	1	421641.869204
2	16	1	1	929856.952758
2	17	1	1	612599.671002
2	18	1	1	999743.853556
2	19	1	1	856643.032777
2	20	1	1	1262149.246987
2	21	1	1	356266.058178
2	22	1	1	61847.765837
2	29	1	2	210.707676
2	30	1	2	298.320652
2	31	1	2	454.714002
2	32	1	2	779.345989
2	33	1	2	1193.534064
2	34	1	2	544.414079
2	35	1	2	1209.903053
2	36	1	2	1190.380670
2	37	1	2	21267.641671
2	38	1	2	68842.317760
2	39	1	2	-268345.873466
2	40	1	2	362416.409952
2	41	1	2	326360.416512
2	42	1	2	197958.045756
2	43	1	2	120631.898438
2	44	1	2	144903.048868
2	45	1	2	205719.072060
2	46	1	2	171949.982289
2	47	1	2	82919.206008
2	48	1	2	171427.212460
2	49	1	2	95453.665564
2	50	1	2	939051.710295
2	55	1	8	-0.044080
2	56	1	8	0.122639
2	57	1	8	-0.383176
2	58	1	8	-0.629032
2	59	1	8	-1.119829
2	60	1	8	-0.974734
2	61	1	8	-4.775541
2	62	1	8	7.608891
2	63	1	8	-193.183457
2	64	1	8	2574.989117
2	65	1	8	8918.305886
2	66	1	8	8891.990597
2	67	1	8	12023.698780
2	68	1	8	1515.639383
2	69	1	8	2561.514578
2	71	1	8	9072.164027
2	72	1	8	-17214.122717
2	73	1	8	9345.514392
2	80	1	26	-0.002446
2	81	1	26	0.006821
2	82	1	26	-0.050239
2	83	1	26	0.175265
2	84	1	26	-0.756800
2	85	1	26	4.555911
2	86	1	26	-14.395990
2	87	1	26	-53.944421
2	88	1	26	85.062672
2	89	1	26	582.433767
2	90	1	26	755.436592
2	91	1	26	345.735885
2	95	1	26	-57.596611
2	100	1	26	-275427.002819
3	3	1	1	57749.925185
3	4	1	1	504.871953
3	5	1	1	43266.236184
3	6	1	1	25490.718579
3	7	1	1	55115.458870
3	8	1	1	62727.261519
3	9	1	1	421156.541478
3	10	1	1	220693.764401
3	11	1	1	1732294.214073
3	12	1	1	1122116.754708
3	13	1	1	643737.022632
3	14	1	1	1160103.874434
3	15	1	1	284534.941650
3	16	1	1	740474.788716
3	17	1	1	468230.404554
3	18	1	1	773435.348249
3	19	1	1	671145.118386
3	20	1	1	984027.623804
3	21	1	1	270384.568154
3	22	1	1	26335.922081
3	29	1	2	170.324103
3	30	1	2	241.228159
3	31	1	2	367.382348
3	32	1	2	630.462534
3	33	1	2	964.048289
3	34	1	2	441.331713
3	35	1	2	974.849082
3	36	1	2	976.862849
3	37	1	2	17109.841104
3	38	1	2	58481.484814
3	39	1	2	-248275.926760
3	40	1	2	371903.231635
3	41	1	2	247885.688147
3	42	1	2	159117.204889
3	43	1	2	98564.682810
3	44	1	2	112834.702026
3	45	1	2	167373.200756
3	46	1	2	134796.944822
3	47	1	2	67328.592770
3	48	1	2	137362.821660
3	49	1	2	78966.561289
3	50	1	2	740996.398489
3	55	1	8	-0.035542
3	56	1	8	0.098808
3	57	1	8	-0.308372
3	58	1	8	-0.495586
3	59	1	8	-0.911230
3	60	1	8	-0.733132
3	61	1	8	-3.963208
3	62	1	8	6.807500
3	63	1	8	-160.479316
3	64	1	8	2010.979657
3	65	1	8	7053.990925
3	66	1	8	6994.836011
3	67	1	8	9555.592186
3	68	1	8	1159.113319
3	69	1	8	2068.872009
3	71	1	8	7195.823589
3	72	1	8	-13516.866498
3	73	1	8	7357.349843
3	80	1	26	-0.001993
3	81	1	26	0.005555
3	82	1	26	-0.040329
3	83	1	26	0.141603
3	84	1	26	-0.606960
3	85	1	26	3.657755
3	86	1	26	-11.438906
3	87	1	26	-43.480232
3	88	1	26	64.177670
3	89	1	26	461.900950
3	90	1	26	590.097122
3	91	1	26	274.271598
3	95	1	26	-45.186880
3	100	1	26	-217555.638044
4	4	1	1	79388.963457
4	5	1	1	7934.373847
4	6	1	1	72105.369524
4	7	1	1	38631.626949
4	8	1	1	158490.795487
4	9	1	1	462780.541741
4	10	1	1	411586.955025
4	11	1	1	1928836.186922
4	12	1	1	1796344.572352
4	13	1	1	1107506.079400
4	14	1	1	1390031.310098
4	15	1	1	452995.182770
4	16	1	1	941560.773279
4	17	1	1	630274.812785
4	18	1	1	1023863.012512
4	19	1	1	873030.603502
4	20	1	1	1288741.084211
4	21	1	1	367523.062341
4	22	1	1	74279.620951
4	29	1	2	212.066788
4	30	1	2	300.202912
4	31	1	2	457.739661
4	32	1	2	784.127532
4	33	1	2	1201.606486
4	34	1	2	547.287070
4	35	1	2	1219.314826
4	36	1	2	1190.634583
4	37	1	2	21446.314691
4	38	1	2	67845.963262
4	39	1	2	-254130.711626
4	40	1	2	324629.634992
4	41	1	2	336569.051135
4	42	1	2	199699.254799
4	43	1	2	120877.219765
4	44	1	2	148026.310537
4	45	1	2	206501.467913
4	46	1	2	175197.664218
4	47	1	2	83303.009444
4	48	1	2	173152.061792
4	49	1	2	95152.702523
4	50	1	2	954325.904917
4	55	1	8	-0.044409
4	56	1	8	0.123595
4	57	1	8	-0.386345
4	58	1	8	-0.639647
4	59	1	8	-1.124003
4	60	1	8	-1.008877
4	61	1	8	-4.754089
4	62	1	8	7.324222
4	63	1	8	-192.236018
4	64	1	8	2627.495807
4	65	1	8	9054.899197
4	66	1	8	9047.677845
4	67	1	8	12184.787117
4	68	1	8	1559.032891
4	69	1	8	2578.962389
4	71	1	8	9200.866938
4	72	1	8	-17528.007344
4	73	1	8	9506.217356
4	80	1	26	-0.002455
4	81	1	26	0.006845
4	82	1	26	-0.050706
4	83	1	26	0.176432
4	84	1	26	-0.764125
4	85	1	26	4.598027
4	86	1	26	-14.589513
4	87	1	26	-54.359150
4	88	1	26	87.942085
4	89	1	26	590.730794
4	90	1	26	770.777040
4	91	1	26	350.619439
4	95	1	26	-58.667499
4	100	1	26	-279796.436887
5	5	1	1	97580.435314
5	6	1	1	11883.001955
5	7	1	1	116214.207604
5	8	1	1	40320.560610
5	9	1	1	761285.408137
5	10	1	1	261228.328316
5	11	1	1	3110244.053767
5	12	1	1	1569312.245146
5	13	1	1	837772.034104
5	14	1	1	2002898.907803
5	15	1	1	400017.186977
5	16	1	1	1234201.605185
5	17	1	1	752023.375714
5	18	1	1	1256251.186794
5	19	1	1	1102661.329054
5	20	1	1	1609618.220949
5	21	1	1	431364.995798
5	22	1	1	10700.195836
5	29	1	2	287.532694
5	30	1	2	407.347767
5	31	1	2	619.935354
5	32	1	2	1065.007448
5	33	1	2	1626.404045
5	34	1	2	746.834881
5	35	1	2	1641.159030
5	36	1	2	1670.017002
5	37	1	2	28767.150118
5	38	1	2	102770.274556
5	39	1	2	-463889.791417
5	40	1	2	740585.486943
5	41	1	2	395761.192018
5	42	1	2	267353.718557
5	43	1	2	167904.977854
5	44	1	2	184364.912419
5	45	1	2	284117.313152
5	46	1	2	221583.403652
5	47	1	2	114100.274562
5	48	1	2	230181.126692
5	49	1	2	135897.202698
5	50	1	2	1225206.282351
5	55	1	8	-0.059878
5	56	1	8	0.166346
5	57	1	8	-0.518652
5	58	1	8	-0.818253
5	59	1	8	-1.546971
5	60	1	8	-1.159440
5	61	1	8	-6.837807
5	62	1	8	12.430822
5	63	1	8	-277.096116
5	64	1	8	3294.436610
5	65	1	8	11687.784658
5	66	1	8	11533.860547
5	67	1	8	15898.886441
5	68	1	8	1862.641601
5	69	1	8	3490.362874
5	71	1	8	11952.137421
5	72	1	8	-22252.179423
5	73	1	8	12140.054528
5	80	1	26	-0.003385
5	81	1	26	0.009435
5	82	1	26	-0.067683
5	83	1	26	0.238946
5	84	1	26	-1.017827
5	85	1	26	6.139306
5	86	1	26	-19.028056
5	87	1	26	-73.234302
5	88	1	26	101.805391
5	89	1	26	767.098051
5	90	1	26	966.901304
5	91	1	26	455.622725
5	95	1	26	-74.334351
5	100	1	26	-360041.994425
6	6	1	1	145038.339261
6	7	1	1	-7110.696574
6	8	1	1	333763.037593
6	9	1	1	406732.974004
6	10	1	1	729978.263764
6	11	1	1	1749898.819094
6	12	1	1	2805516.708016
6	13	1	1	1844937.372472
6	14	1	1	1472455.411823
6	15	1	1	703776.478886
6	16	1	1	1105951.464622
6	17	1	1	806001.832540
6	18	1	1	1278664.205368
6	19	1	1	1062404.901383
6	20	1	1	1584316.224768
6	21	1	1	476334.384739
6	22	1	1	164061.862148
6	29	1	2	240.580019
6	30	1	2	340.288088
6	31	1	2	519.898984
6	32	1	2	887.929376
6	33	1	2	1365.646330
6	34	1	2	616.637632
6	35	1	2	1393.916433
6	36	1	2	1301.491099
6	37	1	2	24604.984011
6	38	1	2	67417.276862
6	39	1	2	-182545.708387
6	40	1	2	102154.633220
6	41	1	2	435550.085493
6	42	1	2	229617.992122
6	43	1	2	133591.318506
6	44	1	2	182436.269504
6	45	1	2	230645.189329
6	46	1	2	212928.145261
6	47	1	2	93497.804376
6	48	1	2	200530.615101
6	49	1	2	101863.186177
6	50	1	2	1143719.033789
6	55	1	8	-0.050680
6	56	1	8	0.141311
6	57	1	8	-0.442900
6	58	1	8	-0.769111
6	59	1	8	-1.254855
6	60	1	8	-1.329223
6	61	1	8	-5.046473
6	62	1	8	6.095000
6	63	1	8	-203.523966
6	64	1	8	3218.661547
6	65	1	8	10796.305255
6	66	1	8	10915.821070
6	67	1	8	14376.467300
6	68	1	8	1991.509346
6	69	1	8	2931.729924
6	71	1	8	10902.959566
6	72	1	8	-21229.137960
6	73	1	8	11449.879050
6	80	1	26	-0.002734
6	81	1	26	0.007628
6	82	1	26	-0.058474
6	83	1	26	0.200388
6	84	1	26	-0.883035
6	85	1	26	5.300446
6	86	1	26	-17.218063
6	87	1	26	-62.107885
6	88	1	26	115.218915
6	89	1	26	700.239011
6	90	1	26	943.794550
6	91	1	26	415.341933
6	95	1	26	-71.190758
6	100	1	26	-334597.933455
7	7	1	1	322567.127232
7	8	1	1	-234008.480598
7	9	1	1	1954424.226615
7	10	1	1	20611.409976
7	11	1	1	7895327.521462
7	12	1	1	1866090.585212
7	13	1	1	611336.627724
7	14	1	1	4703102.304629
7	15	1	1	487510.181820
7	16	1	1	2678927.434934
7	17	1	1	1486727.833023
7	18	1	1	2558234.062518
7	19	1	1	2311537.461922
7	20	1	1	3337457.426790
7	21	1	1	837306.678922
7	22	1	1	-147289.062854
7	29	1	2	643.321249
7	30	1	2	911.984572
7	31	1	2	1385.729274
7	32	1	2	2386.287998
7	33	1	2	3633.628777
7	34	1	2	1679.950291
7	35	1	2	3649.262375
7	36	1	2	3841.111224
7	37	1	2	63777.259244
7	38	1	2	250385.378963
7	39	1	2	-1264649.355071
7	40	1	2	2226526.946083
7	41	1	2	769996.294467
7	42	1	2	591262.237546
7	43	1	2	383125.996988
7	44	1	2	381192.654497
7	45	1	2	643158.800108
7	46	1	2	465162.537304
7	47	1	2	257324.199528
7	48	1	2	505996.232700
7	49	1	2	316970.501298
7	50	1	2	2609061.996557
7	55	1	8	-0.133308
7	56	1	8	0.369776
7	57	1	8	-1.150389
7	58	1	8	-1.737456
7	59	1	8	-3.503997
7	60	1	8	-2.198472
7	61	1	8	-16.038628
7	62	1	8	32.546168
7	63	1	8	-651.037356
7	64	1	8	6858.783914
7	65	1	8	25015.259495
7	66	1	8	24397.335958
7	67	1	8	34369.865120
7	68	1	8	3687.925450
7	69	1	8	7793.573307
7	71	1	8	25733.518568
7	72	1	8	-46881.015665
7	73	1	8	25723.079523
7	80	1	26	-0.007684
7	81	1	26	0.021409
7	82	1	26	-0.149370
7	83	1	26	0.534167
7	84	1	26	-2.242455
7	85	1	26	13.555427
7	86	1	26	-41.148554
7	87	1	26	-162.732657
7	88	1	26	194.623605
7	89	1	26	1651.206280
7	90	1	26	2013.783776
7	91	1	26	981.272477
7	95	1	26	-156.250627
7	100	1	26	-768302.809475
8	8	1	1	1808941.533109
8	9	1	1	-2207582.703088
8	10	1	1	3017698.821923
8	11	1	1	-8546352.483285
8	12	1	1	7989851.956845
8	13	1	1	6516994.458398
8	14	1	1	-3284739.963068
8	15	1	1	1972074.066868
8	16	1	1	-748294.461501
8	17	1	1	390338.367465
8	18	1	1	218095.301225
8	19	1	1	-192856.253533
8	20	1	1	-67756.565197
8	21	1	1	314274.676267
8	22	1	1	986499.774068
8	29	1	2	-288.611917
8	30	1	2	-412.273432
8	31	1	2	-614.762061
8	32	1	2	-1088.886484
8	33	1	2	-1602.262252
8	34	1	2	-801.355280
8	35	1	2	-1517.105677
8	36	1	2	-2278.629983
8	37	1	2	-25494.292415
8	38	1	2	-221935.470620
8	39	1	2	1784812.503326
8	40	1	2	-4049145.666100
8	41	1	2	276713.595624
8	42	1	2	-225624.548744
8	43	1	2	-210936.570820
8	44	1	2	-1429.683062
8	45	1	2	-326519.869235
8	46	1	2	-42721.445632
8	47	1	2	-125483.888075
8	48	1	2	-176937.798796
8	49	1	2	-210581.935263
8	50	1	2	-451257.703497
8	55	1	8	0.056089
8	56	1	8	-0.152523
8	57	1	8	0.460851
8	58	1	8	0.277401
8	59	1	8	1.796511
8	60	1	8	-1.135845
8	61	1	8	11.136610
8	62	1	8	-39.913133
8	63	1	8	457.651894
8	64	1	8	-310.064967
8	65	1	8	-5041.919541
8	66	1	8	-3297.451355
8	67	1	8	-8846.094878
8	68	1	8	933.446864
8	69	1	8	-3390.264649
8	71	1	8	-6047.638513
8	72	1	8	5254.324398
8	73	1	8	-3722.291484
8	80	1	26	0.004049
8	81	1	26	-0.011237
8	82	1	26	0.055716
8	83	1	26	-0.237521
8	84	1	26	0.817563
8	85	1	26	-5.108751
8	86	1	26	10.842254
8	87	1	26	65.677537
8	88	1	26	90.919239
8	89	1	26	-386.723520
8	90	1	26	-94.400020
8	91	1	26	-232.134071
8	95	1	26	15.124615
8	100	1	26	141559.065617
9	9	1	1	31337884.156201
9	10	1	1	1875935.543593
9	11	1	1	128076596.629040
9	12	1	1	35682948.685510
9	13	1	1	13334287.385639
9	14	1	1	77146141.140973
9	15	1	1	9133466.635451
9	16	1	1	44468647.195689
9	17	1	1	25092226.483686
9	18	1	1	42943129.446568
9	19	1	1	38608423.813305
9	20	1	1	55860086.049383
9	21	1	1	14170233.141045
9	22	1	1	-2013109.720185
9	29	1	2	10702.361745
9	30	1	2	15169.148509
9	31	1	2	23059.133233
9	32	1	2	39682.933199
9	33	1	2	60473.866886
9	34	1	2	27906.928612
9	35	1	2	60812.267622
9	36	1	2	63441.335919
9	37	1	2	1063357.143548
9	38	1	2	4105210.454446
9	39	1	2	-20417392.922520
9	40	1	2	35255923.258572
9	41	1	2	13058990.644327
9	42	1	2	9779626.749140
9	43	1	2	6323417.243323
9	44	1	2	6381493.805371
9	45	1	2	10613905.461568
9	46	1	2	7772503.741507
9	47	1	2	4248269.193315
9	48	1	2	8390957.288929
9	49	1	2	5208683.204926
9	50	1	2	43480837.675269
9	55	1	8	-2.213695
9	56	1	8	6.142279
9	57	1	8	-19.117122
9	58	1	8	-29.111195
9	59	1	8	-57.992812
9	60	1	8	-37.695603
9	61	1	8	-263.788739
9	62	1	8	525.310168
9	63	1	8	-10705.649197
9	64	1	8	114936.964520
9	65	1	8	416617.494148
9	66	1	8	407100.107490
9	67	1	8	571474.954990
9	68	1	8	62249.015025
9	69	1	8	129031.171827
9	71	1	8	428277.185464
9	72	1	8	-782544.200722
9	73	1	8	429073.302644
9	80	1	26	-0.127743
9	81	1	26	0.355912
9	82	1	26	-2.483202
9	83	1	26	8.890968
9	84	1	26	-37.339551
9	85	1	26	225.802327
9	86	1	26	-688.939912
9	87	1	26	-2672.508619
9	88	1	26	3319.868716
9	89	1	26	27506.161146
9	90	1	26	33722.570371
9	91	1	26	16326.983427
9	95	1	26	-2599.504013
9	100	1	26	-12790032.329517
10	10	1	1	613479712.804484
10	11	1	1	-604633658.542397
10	12	1	1	1663641328.763478
10	13	1	1	1511510410.425730
10	14	1	1	37473119.563622
10	15	1	1	485676684.297842
10	16	1	1	269928277.725380
10	17	1	1	307934234.148718
10	18	1	1	441225384.891547
10	19	1	1	318503298.956267
10	20	1	1	496905535.670948
10	21	1	1	197441176.991162
10	22	1	1	200343581.803050
10	29	1	2	-2788.745858
10	30	1	2	-3968.158581
10	31	1	2	-5960.013730
10	32	1	2	-10617.435540
10	33	1	2	-15707.640376
10	34	1	2	-7827.839554
10	35	1	2	-14324.276018
10	36	1	2	-31902.205877
10	37	1	2	-65972.001920
10	38	1	2	-20753931.659971
10	39	1	2	244299833.541189
10	40	1	2	-478971918.539265
10	41	1	2	159823297.652071
10	42	1	2	50087815.788441
10	43	1	2	8548389.347252
10	44	1	2	59064352.762153
10	45	1	2	28557175.969649
10	46	1	2	60479918.565919
10	47	1	2	12971422.317062
10	48	1	2	38471422.817359
10	49	1	2	2505100.406694
10	50	1	2	300957646.783921
10	55	1	8	-4.021255
10	56	1	8	11.602512
10	57	1	8	-38.098065
10	58	1	8	-126.418689
10	59	1	8	-58.462593
10	60	1	8	-396.977416
10	61	1	8	211.512270
10	62	1	8	-3207.151049
10	63	1	8	10084.212602
10	64	1	8	876463.200128
10	65	1	8	2688345.177527
10	66	1	8	2984752.644008
10	67	1	8	3293180.284300
10	68	1	8	748440.928054
10	69	1	8	389306.178717
10	71	1	8	2526700.769288
10	72	1	8	-6080283.109364
10	73	1	8	3105490.327452
10	80	1	26	0.240847
10	81	1	26	-0.647102
10	82	1	26	-6.316968
10	83	1	26	-1.512333
10	84	1	26	-71.086852
10	85	1	26	301.927895
10	86	1	26	-1224.433793
10	87	1	26	-22493.318724
10	88	1	26	40305.821310
10	89	1	26	148561.022681
10	90	1	26	264906.234257
10	91	1	26	97825.132349
10	95	1	26	-26128.365859
10	100	1	26	-92144458.877699
11	11	1	1	4915434460.200876
11	12	1	1	-8404670828.355814
11	13	1	1	-5176949843.748298
11	14	1	1	2644260097.045270
11	15	1	1	-1594152306.754711
11	16	1	1	587127582.079145
11	17	1	1	-319836212.459187
11	18	1	1	-171016996.382528
11	19	1	1	137948898.431123
11	20	1	1	125867359.241008
11	21	1	1	-268465487.754610
11	22	1	1	-858239064.082828
11	29	1	2	34257.557650
11	30	1	2	43430.033136
11	31	1	2	85026.532090
11	32	1	2	98340.216936
11	33	1	2	239755.890678
11	34	1	2	13876.630304
11	35	1	2	381818.098612
11	36	1	2	-582191.655306
11	37	1	2	6820884.515193
11	38	1	2	-17733013.419772
11	39	1	2	-735615374.298271
11	40	1	2	3368381058.714281
11	41	1	2	-296549597.142449
11	42	1	2	236203780.201823
11	43	1	2	130211510.613592
11	44	1	2	17915701.045698
11	45	1	2	246097342.933639
11	46	1	2	44230184.133978
11	47	1	2	95828125.925878
11	48	1	2	160554806.349160
11	49	1	2	163970697.101512
11	50	1	2	385228022.841622
11	55	1	8	-75.913279
11	56	1	8	209.719553
11	57	1	8	-648.640703
11	58	1	8	-789.706667
11	59	1	8	-2085.345611
11	60	1	8	-395.261266
11	61	1	8	-10913.187156
11	62	1	8	30105.836719
11	63	1	8	-473865.873024
11	64	1	8	5996130.224538
11	65	1	8	3808097.909521
11	66	1	8	6605631.145895
11	67	1	8	7301724.925731
11	68	1	8	896335.073404
11	69	1	8	3363578.156522
11	71	1	8	7288373.905360
11	72	1	8	-3219385.850643
11	73	1	8	5281067.725590
11	80	1	26	-8.352705
11	81	1	26	23.077736
11	82	1	26	-76.500053
11	83	1	26	479.749539
11	84	1	26	-1435.628649
11	85	1	26	9826.786224
11	86	1	26	-33659.719334
11	87	1	26	110496.121224
11	88	1	26	13976.580571
11	89	1	26	510851.744929
11	90	1	26	311436.027127
11	91	1	26	239631.696133
11	95	1	26	41402.958308
11	100	1	26	-74074497.198139
12	12	1	1	65292566539.771729
12	13	1	1	31391342129.481392
12	14	1	1	-11349679659.245804
12	15	1	1	10484291149.099329
12	16	1	1	-1042378510.399427
12	17	1	1	3684463332.155891
12	18	1	1	3733952955.538802
12	19	1	1	1646788747.200557
12	20	1	1	2769052508.066394
12	21	1	1	2549426824.010139
12	22	1	1	4942492271.285246
12	29	1	2	-112350.890520
12	30	1	2	-125840.827046
12	31	1	2	-315266.790672
12	32	1	2	-228282.187603
12	33	1	2	-935460.388458
12	34	1	2	202404.051217
12	35	1	2	-1875964.900201
12	36	1	2	4682272.384927
12	37	1	2	-36086185.614880
12	38	1	2	352355568.491341
12	39	1	2	-1217686926.973609
12	40	1	2	-19100946502.101788
12	41	1	2	3090611139.328310
12	42	1	2	-1030864533.217850
12	43	1	2	-205423260.351720
12	44	1	2	249150408.199028
12	45	1	2	-756695037.344846
12	46	1	2	251005689.612165
12	47	1	2	-290818872.319011
12	48	1	2	-431601996.655415
12	49	1	2	-615118757.491096
12	50	1	2	535774403.504749
12	55	1	8	180.912490
12	56	1	8	-504.293735
12	57	1	8	1579.913743
12	58	1	8	2271.534506
12	59	1	8	4496.635895
12	60	1	8	2890.773660
12	61	1	8	21833.040049
12	62	1	8	-52077.339288
12	63	1	8	1114030.311174
12	64	1	8	-37159111.678990
12	65	1	8	4436404.936543
12	66	1	8	-19334400.783613
12	67	1	8	-7605221.931543
12	68	1	8	-3584597.550636
12	69	1	8	-11975163.892482
12	71	1	8	-18685539.868136
12	72	1	8	-33961519.843537
12	73	1	8	-7525146.532801
12	80	1	26	47.239457
12	81	1	26	-130.117760
12	82	1	26	264.760497
12	83	1	26	-2564.692683
12	84	1	26	6435.784361
12	85	1	26	-48063.511562
12	86	1	26	193538.695452
12	87	1	26	-1422108.936374
12	88	1	26	388561.890319
12	89	1	26	-1579197.190746
12	90	1	26	274042.867668
12	91	1	26	-425020.370326
12	95	1	26	-479916.742761
12	100	1	26	-465301260.770656
13	13	1	1	92731198151.225845
13	14	1	1	13759182735.872904
13	15	1	1	17547160732.406235
13	16	1	1	27731479201.741180
13	17	1	1	12890046866.312548
13	18	1	1	18897577448.185154
13	19	1	1	17631523080.000927
13	20	1	1	15658970621.869999
13	21	1	1	12346943393.846220
13	22	1	1	30424562052.575142
13	29	1	2	95526.063856
13	30	1	2	129747.179222
13	31	1	2	218135.466894
13	32	1	2	323144.129513
13	33	1	2	591074.513262
13	34	1	2	166256.817652
13	35	1	2	751728.313393
13	36	1	2	-329553.070815
13	37	1	2	13271625.159480
13	38	1	2	33539948.348317
13	39	1	2	1544914150.098858
13	40	1	2	-14547421789.657389
13	41	1	2	-6142001418.218866
13	42	1	2	4774704675.946863
13	43	1	2	-5095441930.630398
13	44	1	2	1370141160.850665
13	45	1	2	-877395479.308075
13	46	1	2	-816694942.430780
13	47	1	2	-346114572.121663
13	48	1	2	-1816289809.714571
13	49	1	2	-3131176974.473170
13	50	1	2	3281220457.712227
13	55	1	8	1205.132425
13	56	1	8	-3327.710770
13	57	1	8	10285.031800
13	58	1	8	12395.861643
13	59	1	8	33255.931895
13	60	1	8	5747.801954
13	61	1	8	172531.495483
13	62	1	8	-451496.006613
13	63	1	8	6867078.235320
13	64	1	8	-6779723.698597
13	65	1	8	-9271576.542556
13	66	1	8	18777998.610185
13	67	1	8	21866824.542379
13	68	1	8	-12777129.694542
13	69	1	8	-83509739.911029
13	71	1	8	-96044615.803725
13	72	1	8	-167895371.475548
13	73	1	8	14496342.169493
13	80	1	26	-66.587639
13	81	1	26	182.854275
13	82	1	26	-122.513955
13	83	1	26	3297.213271
13	84	1	26	-6016.910456
13	85	1	26	52620.729213
13	86	1	26	-258877.411850
13	87	1	26	3153378.814760
13	88	1	26	-12409705.990568
13	89	1	26	962476.004514
13	90	1	26	-5294608.647172
13	91	1	26	-70992.950649
13	95	1	26	-1666513.864093
13	100	1	26	-1639282060.332857
14	14	1	1	68074333315.204117
14	15	1	1	3915894849.524091
14	16	1	1	36070511554.736893
14	17	1	1	21418595281.065617
14	18	1	1	12109812242.399641
14	19	1	1	27899641793.666195
14	20	1	1	16492409805.072506
14	21	1	1	13875590040.620152
14	22	1	1	31880689357.217060
14	29	1	2	97080.429990
14	30	1	2	136070.549998
14	31	1	2	212427.976421
14	32	1	2	352488.680766
14	33	1	2	562964.858052
14	34	1	2	231919.789698
14	35	1	2	607020.096606
14	36	1	2	352378.964837
14	37	1	2	10076621.055668
14	38	1	2	115027495.166740
14	39	1	2	-503717935.776587
14	40	1	2	9141438062.641216
14	41	1	2	-5368905140.142821
14	42	1	2	1027256947.973489
14	43	1	2	-324015782.036597
14	44	1	2	-2374824599.931361
14	45	1	2	3555953804.860100
14	46	1	2	-2584876656.373422
14	47	1	2	720791080.816032
14	48	1	2	-1481923610.438754
14	49	1	2	-2746784827.224276
14	50	1	2	5792718575.084929
14	55	1	8	251.695760
14	56	1	8	-716.113405
14	57	1	8	2308.038561
14	58	1	8	5846.563070
14	59	1	8	4706.072583
14	60	1	8	16033.562730
14	61	1	8	3271.416714
14	62	1	8	120258.753255
14	63	1	8	-635161.753684
14	64	1	8	147586769.014030
14	65	1	8	-38687682.028079
14	66	1	8	121399739.371648
14	67	1	8	66451099.717062
14	68	1	8	-8269928.856893
14	69	1	8	-57357592.802613
14	71	1	8	-56748379.118464
14	72	1	8	-193079958.882265
14	73	1	8	92177256.540218
14	80	1	26	-24.262159
14	81	1	26	66.363999
14	82	1	26	77.068691
14	83	1	26	1025.562601
14	84	1	26	-587.249965
14	85	1	26	10862.578465
14	86	1	26	-69413.307037
14	87	1	26	1861325.634755
14	88	1	26	-10067935.196158
14	89	1	26	1877055.829145
14	90	1	26	-5205474.245276
14	91	1	26	2260452.952345
14	95	1	26	-1745158.678444
14	100	1	26	-2648512053.706175
15	15	1	1	47615960024.917992
15	16	1	1	-4079326654.127338
15	17	1	1	17936700442.013710
15	18	1	1	16133251932.307264
15	19	1	1	7596238560.394050
15	20	1	1	14848164309.058170
15	21	1	1	10948124765.354258
15	22	1	1	22927752836.420986
15	29	1	2	26128.273706
15	30	1	2	37065.133724
15	31	1	2	56204.267228
15	32	1	2	97336.416571
15	33	1	2	147515.571111
15	34	1	2	68933.308732
15	35	1	2	147147.600029
15	36	1	2	163227.024799
15	37	1	2	2417712.784453
15	38	1	2	32894042.345856
15	39	1	2	351316500.616201
15	40	1	2	-4441522313.678299
15	41	1	2	2367439998.129074
15	42	1	2	-1928393910.067489
15	43	1	2	-1422561785.655753
15	44	1	2	3690430487.978706
15	45	1	2	-3557796717.578828
15	46	1	2	1840899890.386584
15	47	1	2	-1127587407.503791
15	48	1	2	-1347153464.785662
15	49	1	2	-2287506678.884794
15	50	1	2	2514846190.488401
15	55	1	8	64.350846
15	56	1	8	-195.271125
15	57	1	8	682.414736
15	58	1	8	3293.118915
15	59	1	8	-88.784669
15	60	1	8	12343.601412
15	61	1	8	-17436.093786
15	62	1	8	149797.876740
15	63	1	8	-1308387.377805
15	64	1	8	125548342.556709
15	65	1	8	-86113777.549494
15	66	1	8	68724873.348412
15	67	1	8	-84343497.410735
15	68	1	8	35085300.572647
15	69	1	8	-81321713.820829
15	71	1	8	-67847274.444819
15	72	1	8	-104459749.331980
15	73	1	8	40117071.181291
15	80	1	26	17.810125
15	81	1	26	-49.342840
15	82	1	26	235.094304
15	83	1	26	-1173.573697
15	84	1	26	4273.810987
15	85	1	26	-27835.631246
15	86	1	26	106187.500484
15	87	1	26	-311748.014796
15	88	1	26	-1292020.802082
15	89	1	26	-6392206.833068
15	90	1	26	2521166.480536
15	91	1	26	-1556698.496754
15	95	1	26	-1431091.444369
15	100	1	26	-1505342950.063756
16	16	1	1	75529636757.132660
16	17	1	1	-2229396031.642571
16	18	1	1	10432529796.492237
16	19	1	1	29341618489.586884
16	20	1	1	6487396198.972768
16	21	1	1	8003919460.915298
16	22	1	1	29741724064.640491
16	29	1	2	70631.359815
16	30	1	2	97959.320207
16	31	1	2	156836.369362
16	32	1	2	250526.294724
16	33	1	2	418906.273926
16	34	1	2	153222.695798
16	35	1	2	480305.393453
16	36	1	2	87674.221674
16	37	1	2	8157941.516999
16	38	1	2	65260537.044087
16	39	1	2	-11333803.861071
16	40	1	2	2764226352.792566
16	41	1	2	-5408574705.455054
16	42	1	2	3351014367.243328
16	43	1	2	-4184731942.092993
16	44	1	2	-4997636157.357388
16	45	1	2	6817776392.323462
16	46	1	2	-6155302064.267288
16	47	1	2	1618040094.916915
16	48	1	2	-1651920260.543238
16	49	1	2	-2421121559.432963
16	50	1	2	2339455931.754725
16	55	1	8	575.059209
16	56	1	8	-1586.268897
16	57	1	8	4895.397523
16	58	1	8	5742.033620
16	59	1	8	16042.465697
16	60	1	8	1892.836519
16	61	1	8	84353.262140
16	62	1	8	-229408.787253
16	63	1	8	3439490.301099
16	64	1	8	-25773633.759440
16	65	1	8	13991282.998342
16	66	1	8	-165267643.422387
16	67	1	8	130717532.079109
16	68	1	8	-113351037.354435
16	69	1	8	-27605483.610055
16	71	1	8	-115992027.074979
16	72	1	8	-161195030.482047
16	73	1	8	2454486.632616
16	80	1	26	-50.443929
16	81	1	26	138.666779
16	82	1	26	-159.181460
16	83	1	26	2589.869720
16	84	1	26	-5411.649735
16	85	1	26	44223.237472
16	86	1	26	-206617.115340
16	87	1	26	2511628.693675
16	88	1	26	-7557054.476992
16	89	1	26	1121033.428745
16	90	1	26	-10117473.116996
16	91	1	26	2206697.565239
16	95	1	26	-799786.235171
16	100	1	26	-841241801.230151
17	17	1	1	80967624953.397476
17	18	1	1	-9631001964.590820
17	19	1	1	23370949018.762585
17	20	1	1	24674401836.997784
17	21	1	1	30172800539.381950
17	22	1	1	46919943583.089775
17	29	1	2	39858.949174
17	30	1	2	56267.766352
17	31	1	2	86341.570679
17	32	1	2	146965.592630
17	33	1	2	227530.224520
17	34	1	2	101127.698764
17	35	1	2	234513.341311
17	36	1	2	207187.335889
17	37	1	2	3859541.569589
17	38	1	2	50175467.352595
17	39	1	2	86723505.669438
17	40	1	2	-504734558.297717
17	41	1	2	445000283.300070
17	42	1	2	-11684997.452783
17	43	1	2	1326148488.487755
17	44	1	2	-2489506184.495350
17	45	1	2	-3721942180.236171
17	46	1	2	2039452706.731582
17	47	1	2	-1898355552.467778
17	48	1	2	-5115471165.093776
17	49	1	2	-5529194220.683925
17	50	1	2	2577707040.397614
17	55	1	8	9.661871
17	56	1	8	-46.218125
17	57	1	8	230.522979
17	58	1	8	3097.212468
17	59	1	8	-1807.619045
17	60	1	8	13724.166355
17	61	1	8	-29012.642980
17	62	1	8	197567.288612
17	63	1	8	-1958616.630776
17	64	1	8	166438292.580559
17	65	1	8	-86379540.986744
17	66	1	8	236195493.306441
17	67	1	8	-379789535.183457
17	68	1	8	261527465.370092
17	69	1	8	-243461973.019520
17	71	1	8	-159489460.803295
17	72	1	8	-172497957.872062
17	73	1	8	43332452.256610
17	80	1	26	23.030029
17	81	1	26	-63.769135
17	82	1	26	289.973649
17	83	1	26	-1508.919158
17	84	1	26	5406.698695
17	85	1	26	-35478.031397
17	86	1	26	131855.063968
17	87	1	26	-667342.002253
17	88	1	26	-3736016.669482
17	89	1	26	-3131583.375709
17	90	1	26	-1160472.605120
17	91	1	26	-2931095.523298
17	95	1	26	-2593849.826557
17	100	1	26	-2207767672.627917
18	18	1	1	132548830608.873032
18	19	1	1	42347722475.573090
18	20	1	1	49824897433.633926
18	21	1	1	30961910601.567192
18	22	1	1	129724365680.245789
18	29	1	2	68664.223121
18	30	1	2	96372.597473
18	31	1	2	149963.799936
18	32	1	2	250018.958742
18	33	1	2	396985.720984
18	34	1	2	165923.281977
18	35	1	2	424644.162261
18	36	1	2	268040.488530
18	37	1	2	7063140.851411
18	38	1	2	79600932.883069
18	39	1	2	77144734.676881
18	40	1	2	548106012.702469
18	41	1	2	259055314.754409
18	42	1	2	1677321910.275663
18	43	1	2	-1707729566.807188
18	44	1	2	6638779296.521110
18	45	1	2	-15961495809.906706
18	46	1	2	-9422367433.943058
18	47	1	2	-6799969385.265142
18	48	1	2	-8179688864.878252
18	49	1	2	-19516453329.787052
18	50	1	2	-3979030816.468019
18	55	1	8	551.070471
18	56	1	8	-1539.904717
18	57	1	8	4841.278029
18	58	1	8	8239.150671
18	59	1	8	13274.854312
18	60	1	8	14479.056350
18	61	1	8	52774.481485
18	62	1	8	-41150.230241
18	63	1	8	1681010.907739
18	64	1	8	82146192.873069
18	65	1	8	23843139.098293
18	66	1	8	-42473368.253340
18	67	1	8	344868041.658399
18	68	1	8	-371407068.320016
18	69	1	8	15865788.597592
18	71	1	8	-285279911.688645
18	72	1	8	-353199334.984940
18	73	1	8	41756379.458700
18	80	1	26	-24.177573
18	81	1	26	66.222454
18	82	1	26	34.908701
18	83	1	26	1082.202677
18	84	1	26	-1135.739742
18	85	1	26	13647.609383
18	86	1	26	-73910.703440
18	87	1	26	2044569.993304
18	88	1	26	-4215647.748156
18	89	1	26	4817859.252984
18	90	1	26	-3026033.552943
18	91	1	26	-818887.681717
18	95	1	26	-1872394.441241
18	100	1	26	-311219247.652759
19	19	1	1	244434560686.144501
19	20	1	1	4055030579.721339
19	21	1	1	94605205098.629425
19	22	1	1	195644394173.600342
19	29	1	2	59747.460338
19	30	1	2	83694.130413
19	31	1	2	130848.016184
19	32	1	2	216622.332823
19	33	1	2	346898.913488
19	34	1	2	141942.464175
19	35	1	2	375568.775967
19	36	1	2	206833.768375
19	37	1	2	6273509.581646
19	38	1	2	66631731.444032
19	39	1	2	24585194.337760
19	40	1	2	1224663922.178698
19	41	1	2	-1585780226.971848
19	42	1	2	1567767233.198349
19	43	1	2	-537565802.194877
19	44	1	2	-4559030544.617947
19	45	1	2	6421258353.595248
19	46	1	2	-48574497806.023842
19	47	1	2	13991112809.434681
19	48	1	2	-25430499333.858044
19	49	1	2	-22824468641.952278
19	50	1	2	-8109342692.627352
19	55	1	8	374.521093
19	56	1	8	-1043.781755
19	57	1	8	3269.214968
19	58	1	8	5390.958714
19	59	1	8	9313.795800
19	60	1	8	8759.941247
19	61	1	8	38209.367131
19	62	1	8	-39621.966554
19	63	1	8	1149545.926801
19	64	1	8	75722984.904808
19	65	1	8	-60702690.446441
19	66	1	8	73250877.118250
19	67	1	8	-186443341.482828
19	68	1	8	105478617.706287
19	69	1	8	-788620922.196574
19	71	1	8	-799020945.359973
19	72	1	8	-554108840.884550
19	73	1	8	-25167186.372039
19	80	1	26	-0.883781
19	81	1	26	2.015245
19	82	1	26	187.115909
19	83	1	26	-214.998166
19	84	1	26	2330.549748
19	85	1	26	-11594.727750
19	86	1	26	28249.447940
19	87	1	26	418480.062154
19	88	1	26	-2170767.281089
19	89	1	26	-753138.867091
19	90	1	26	5443760.616520
19	91	1	26	-3230451.361832
19	95	1	26	-2206816.080964
19	100	1	26	-317889898.250953
20	20	1	1	241581992161.951172
20	21	1	1	-18298046737.036652
20	22	1	1	108796397596.099380
20	29	1	2	86342.003263
20	30	1	2	121317.219991
20	31	1	2	188280.507968
20	32	1	2	315137.460943
20	33	1	2	497991.429370
20	34	1	2	210614.863973
20	35	1	2	529043.003670
20	36	1	2	358252.714679
20	37	1	2	8783628.769684
20	38	1	2	101565888.413028
20	39	1	2	73644907.312343
20	40	1	2	1070000071.181909
20	41	1	2	1009877496.687953
20	42	1	2	3017873602.588283
20	43	1	2	-1787182598.218783
20	44	1	2	6516389250.673302
20	45	1	2	-14410857356.932365
20	46	1	2	13692835429.958345
20	47	1	2	-41543257278.247421
20	48	1	2	13923765809.996292
20	49	1	2	-28615669133.912624
20	50	1	2	8650763607.384987
20	55	1	8	789.498249
20	56	1	8	-2227.981937
20	57	1	8	7101.257798
20	58	1	8	14550.913454
20	59	1	8	16704.266053
20	60	1	8	33681.868817
20	61	1	8	46516.430442
20	62	1	8	127113.342923
20	63	1	8	677179.982082
20	64	1	8	258214013.486056
20	65	1	8	30800457.125745
20	66	1	8	253775125.374800
20	67	1	8	-79629169.561760
20	68	1	8	275525987.965534
20	69	1	8	-589378618.743882
20	71	1	8	243008714.508078
20	72	1	8	-510569345.209682
20	73	1	8	-52168506.715963
20	80	1	26	27.268364
20	81	1	26	-75.465923
20	82	1	26	340.474690
20	83	1	26	-1858.404820
20	84	1	26	6791.249919
20	85	1	26	-44875.597048
20	86	1	26	166046.717515
20	87	1	26	729462.951373
20	88	1	26	335710.174395
20	89	1	26	3744490.193395
20	90	1	26	6443304.224936
20	91	1	26	4873292.251531
20	95	1	26	-1044058.486057
20	100	1	26	-3972695082.755316
21	21	1	1	268107761970.384216
21	22	1	1	95379956835.415192
21	29	1	2	25124.272463
21	30	1	2	35114.435828
21	31	1	2	55197.394203
21	32	1	2	90633.924332
21	33	1	2	146584.144813
21	34	1	2	58495.093262
21	35	1	2	160902.758349
21	36	1	2	73846.776836
21	37	1	2	2705051.821316
21	38	1	2	26221391.852465
21	39	1	2	84129834.158596
21	40	1	2	-429512206.245845
21	41	1	2	-984648186.271991
21	42	1	2	112758277.822836
21	43	1	2	-753684879.283993
21	44	1	2	12814798.014038
21	45	1	2	-6932879491.360166
21	46	1	2	-11789124373.264927
21	47	1	2	2853213375.409490
21	48	1	2	-66054447140.445465
21	49	1	2	7096671774.468131
21	50	1	2	-9268229076.702181
21	55	1	8	93.235108
21	56	1	8	-258.831037
21	57	1	8	806.168164
21	58	1	8	1312.203288
21	59	1	8	2426.261985
21	60	1	8	1958.337207
21	61	1	8	10093.427731
21	62	1	8	-13724.378598
21	63	1	8	325207.015595
21	64	1	8	12453702.341883
21	65	1	8	-74335500.101366
21	66	1	8	9487512.676697
21	67	1	8	-196000974.673117
21	68	1	8	42823681.546656
21	69	1	8	-484524772.204070
21	71	1	8	-1368967698.164700
21	72	1	8	-109880988.408519
21	73	1	8	84366085.611171
21	80	1	26	-9.990675
21	81	1	26	27.258263
21	82	1	26	49.765590
21	83	1	26	464.800702
21	84	1	26	-389.248111
21	85	1	26	5949.846150
21	86	1	26	-25773.224318
21	87	1	26	502785.201291
21	88	1	26	-1594294.091656
21	89	1	26	400492.671102
21	90	1	26	1532688.699698
21	91	1	26	2130885.593905
21	95	1	26	-19996.325489
21	100	1	26	979365754.585540
22	22	1	1	669083744864.556396
22	29	1	2	10542.524059
22	30	1	2	13543.311595
22	31	1	2	25776.096221
22	32	1	2	31254.236609
22	33	1	2	72191.592629
22	34	1	2	6799.517597
22	35	1	2	111743.129149
22	36	1	2	-161309.676292
22	37	1	2	2066435.791117
22	38	1	2	-8541118.160655
22	39	1	2	260885686.898288
22	40	1	2	-2310139200.222507
22	41	1	2	-4944129093.021108
22	42	1	2	-451893386.329043
22	43	1	2	-3248052955.162492
22	44	1	2	-341028239.012057
22	45	1	2	-17482754445.379009
22	46	1	2	-39532137427.628166
22	47	1	2	-7919963744.333629
22	48	1	2	-31528531502.491222
22	49	1	2	-94484781048.839935
22	50	1	2	-34846205117.089432
22	55	1	8	80.502651
22	56	1	8	-195.721759
22	57	1	8	485.676322
22	58	1	8	-2923.112724
22	59	1	8	5030.774487
22	60	1	8	-16847.614850
22	61	1	8	48924.257315
22	62	1	8	-263152.632328
22	63	1	8	2390706.812488
22	64	1	8	-77042963.275457
22	65	1	8	-222096242.452755
22	66	1	8	-163560164.051984
22	67	1	8	-394263393.359840
22	68	1	8	-138080556.820719
22	69	1	8	-928971700.478479
22	71	1	8	-2397932354.561573
22	72	1	8	-1952550872.244375
22	73	1	8	-813577010.619811
22	80	1	26	-30.197778
22	81	1	26	83.380328
22	82	1	26	-259.980806
22	83	1	26	1753.768863
22	84	1	26	-5218.017699
22	85	1	26	36380.879232
22	86	1	26	-160567.387628
22	87	1	26	485312.263735
22	88	1	26	-9653848.374417
22	89	1	26	-3284873.308838
22	90	1	26	-6266711.587571
22	91	1	26	-4166433.422420
22	95	1	26	-3629095.301051
22	100	1	26	3616414121.884800
29	29	2	2	2562.129259
29	30	2	2	-561.400902
29	31	2	2	1133.615094
29	32	2	2	649.494380
29	33	2	2	1537.415008
29	34	2	2	645.102930
29	35	2	2	1305.168533
29	36	2	2	2355.071772
29	37	2	2	10744.853846
29	38	2	2	10341.931518
29	39	2	2	41309.033744
29	40	2	2	45174.114803
29	41	2	2	10838.049488
29	42	2	2	18554.403167
29	43	2	2	3944.816817
29	44	2	2	10626.826361
29	45	2	2	12695.950681
29	46	2	2	10822.371589
29	47	2	2	5485.738976
29	48	2	2	10989.726760
29	49	2	2	5412.939532
29	50	2	2	61648.571920
29	55	2	8	-0.002287
29	56	2	8	0.006234
29	57	2	8	-0.018906
29	58	2	8	-0.015734
29	59	2	8	-0.071683
29	60	2	8	0.027892
29	61	2	8	-0.417868
29	62	2	8	1.409241
29	63	2	8	-17.391179
29	64	2	8	251.197379
29	65	2	8	535.165884
29	66	2	8	662.428378
29	67	2	8	731.798473
29	68	2	8	139.156847
29	69	2	8	134.180452
29	71	2	8	586.181188
29	72	2	8	-1139.353838
29	73	2	8	650.090653
29	80	2	26	0.000053
29	81	2	26	-0.000140
29	82	2	26	-0.001739
29	83	2	26	-0.001018
29	84	2	26	-0.013479
29	85	2	26	0.039484
29	86	2	26	0.208971
29	87	2	26	-9.831815
29	88	2	26	5.505912
29	89	2	26	29.164825
29	90	2	26	43.737854
29	91	2	26	22.513214
29	95	2	26	-5.849296
29	100	2	26	-20420.372513
30	30	2	2	5271.853936
30	31	2	2	-792.093326
30	32	2	2	2596.795262
30	33	2	2	1380.543684
30	34	2	2	1314.746249
30	35	2	2	1390.404219
30	36	2	2	4190.646065
30	37	2	2	13484.368633
30	38	2	2	16973.855503
30	39	2	2	52561.302077
30	40	2	2	60376.952336
30	41	2	2	17100.316798
30	42	2	2	25266.548745
30	43	2	2	6266.419208
30	44	2	2	14820.625383
30	45	2	2	18076.260931
30	46	2	2	15382.561522
30	47	2	2	7749.924622
30	48	2	2	15592.233163
30	49	2	2	7820.935763
30	50	2	2	87105.298335
30	55	2	8	-0.003478
30	56	2	8	0.009511
30	57	2	8	-0.028986
30	58	2	8	-0.027834
30	59	2	8	-0.105727
30	60	2	8	0.024128
30	61	2	8	-0.595520
30	62	2	8	1.905008
30	63	2	8	-24.706899
30	64	2	8	342.101558
30	65	2	8	763.956728
30	66	2	8	923.330480
30	67	2	8	1042.309516
30	68	2	8	190.565906
30	69	2	8	195.813680
30	71	2	8	830.750379
30	72	2	8	-1607.599233
30	73	2	8	912.000307
30	80	2	26	0.000034
30	81	2	26	-0.000087
30	82	2	26	-0.002800
30	83	2	26	0.000964
30	84	2	26	-0.026280
30	85	2	26	0.106371
30	86	2	26	0.087205
30	87	2	26	-13.016199
30	88	2	26	8.081985
30	89	2	26	42.797765
30	90	2	26	63.047002
30	91	2	26	31.867089
30	95	2	26	-7.874858
30	100	2	26	-28437.497131
31	31	2	2	7112.894214
31	32	2	2	-2137.214931
31	33	2	2	5079.781471
31	34	2	2	516.721690
31	35	2	2	3832.655995
31	36	2	2	3208.427268
31	37	2	2	26962.694978
31	38	2	2	17193.840994
31	39	2	2	102110.166195
31	40	2	2	105299.490114
31	41	2	2	19524.732951
31	42	2	2	42224.716107
31	43	2	2	7013.413132
31	44	2	2	23416.552106
31	45	2	2	27163.628904
31	46	2	2	23212.719545
31	47	2	2	11869.997857
31	48	2	2	23633.600787
31	49	2	2	11331.001695
31	50	2	2	133369.841166
31	55	2	8	-0.004408
31	56	2	8	0.011948
31	57	2	8	-0.035924
31	58	2	8	-0.021752
31	59	2	8	-0.145367
31	60	2	8	0.093905
31	61	2	8	-0.893073
31	62	2	8	3.238708
31	63	2	8	-37.339446
31	64	2	8	571.622183
31	65	2	8	1140.627050
31	66	2	8	1460.849220
31	67	2	8	1564.868124
31	68	2	8	314.349801
31	69	2	8	276.622488
31	71	2	8	1262.621663
31	72	2	8	-2469.758088
31	73	2	8	1420.751513
31	80	2	26	0.000203
31	81	2	26	-0.000550
31	82	2	26	-0.003012
31	83	2	26	-0.007475
31	84	2	26	-0.013283
31	85	2	26	-0.025597
31	86	2	26	0.908861
31	87	2	26	-23.194762
31	88	2	26	11.250130
31	89	2	26	59.604037
31	90	2	26	91.883223
31	91	2	26	48.579006
31	95	2	26	-13.509955
31	100	2	26	-45088.700004
32	32	2	2	10025.758293
32	33	2	2	985.058813
32	34	2	2	4592.871417
32	35	2	2	2073.377931
32	36	2	2	13502.987011
32	37	2	2	30159.689656
32	38	2	2	51585.323446
32	39	2	2	119633.158558
32	40	2	2	147349.130564
32	41	2	2	50198.078136
32	42	2	2	63154.432933
32	43	2	2	18516.514491
32	44	2	2	38157.436542
32	45	2	2	47694.687253
32	46	2	2	40502.987555
32	47	2	2	20262.933595
32	48	2	2	40970.099124
32	49	2	2	20983.404000
32	50	2	2	227768.470404
32	55	2	8	-0.009833
32	56	2	8	0.026981
32	57	2	8	-0.082624
32	58	2	8	-0.089866
32	59	2	8	-0.289559
32	60	2	8	0.015936
32	61	2	8	-1.569608
32	62	2	8	4.705851
32	63	2	8	-64.883615
32	64	2	8	854.736576
32	65	2	8	2021.818488
32	66	2	8	2375.308347
32	67	2	8	2751.345054
32	68	2	8	479.542569
32	69	2	8	531.162776
32	71	2	8	2179.958785
32	72	2	8	-4196.813583
32	73	2	8	2364.602483
32	80	2	26	-0.000036
32	81	2	26	0.000117
32	82	2	26	-0.008366
32	83	2	26	0.009889
32	84	2	26	-0.090870
32	85	2	26	0.433168
32	86	2	26	-0.411604
32	87	2	26	-31.310327
32	88	2	26	22.025095
32	89	2	26	116.804371
32	90	2	26	168.669422
32	91	2	26	83.502098
32	95	2	26	-19.394967
32	100	2	26	-73082.720543
33	33	2	2	13696.665820
33	34	2	2	240.930085
33	35	2	2	11289.567401
33	36	2	2	5656.944048
33	37	2	2	76494.852960
33	38	2	2	37715.861847
33	39	2	2	287462.312282
33	40	2	2	288367.119736
33	41	2	2	45712.275233
33	42	2	2	114229.807018
33	43	2	2	16261.748793
33	44	2	2	62287.583766
33	45	2	2	71098.810461
33	46	2	2	60838.630853
33	47	2	2	31263.768308
33	48	2	2	62033.359104
33	49	2	2	29290.379635
33	50	2	2	351226.942396
33	55	2	8	-0.010810
33	56	2	8	0.029189
33	57	2	8	-0.087253
33	58	2	8	-0.039323
33	59	2	8	-0.368276
33	60	2	8	0.295930
33	61	2	8	-2.333460
33	62	2	8	8.796846
33	63	2	8	-97.814607
33	64	2	8	1545.946302
33	65	2	8	2979.063591
33	66	2	8	3887.237445
33	67	2	8	4094.661743
33	68	2	8	847.026443
33	69	2	8	708.625390
33	71	2	8	3317.002840
33	72	2	8	-6511.191796
33	73	2	8	3762.306921
33	80	2	26	0.000665
33	81	2	26	-0.001805
33	82	2	26	-0.006834
33	83	2	26	-0.027361
33	84	2	26	-0.011840
33	85	2	26	-0.229091
33	86	2	26	3.057182
33	87	2	26	-63.854157
33	88	2	26	28.636094
33	89	2	26	151.898721
33	90	2	26	237.971204
33	91	2	26	127.746766
33	95	2	26	-36.822924
33	100	2	26	-120063.743155
34	34	2	2	6573.433752
34	35	2	2	-3129.779324
34	36	2	2	18553.094422
34	37	2	2	2399.697420
34	38	2	2	61489.453574
34	39	2	2	19120.547047
34	40	2	2	64200.833889
34	41	2	2	54309.999460
34	42	2	2	33295.039104
34	43	2	2	20404.964967
34	44	2	2	24272.984916
34	45	2	2	34514.445367
34	46	2	2	29024.789532
34	47	2	2	14009.641891
34	48	2	2	29055.511864
34	49	2	2	16413.777323
34	50	2	2	157599.171475
34	55	2	8	-0.009486
34	56	2	8	0.026321
34	57	2	8	-0.081921
34	58	2	8	-0.123457
34	59	2	8	-0.248474
34	60	2	8	-0.156715
34	61	2	8	-1.138487
34	62	2	8	2.300223
34	63	2	8	-46.225888
34	64	2	8	450.645051
34	65	2	8	1484.667133
34	66	2	8	1504.917683
34	67	2	8	1995.268696
34	68	2	8	265.351231
34	69	2	8	435.779354
34	71	2	8	1535.944688
34	72	2	8	-2879.414666
34	73	2	8	1564.511355
34	80	2	26	-0.000469
34	81	2	26	0.001308
34	82	2	26	-0.009534
34	83	2	26	0.033165
34	84	2	26	-0.142107
34	85	2	26	0.853832
34	86	2	26	-2.566175
34	87	2	26	-12.025964
34	88	2	26	18.518347
34	89	2	26	98.259822
34	90	2	26	130.369091
34	91	2	26	58.405549
34	95	2	26	-9.147040
34	100	2	26	-46014.675309
35	35	2	2	20337.188537
35	36	2	2	-16567.607083
35	37	2	2	124993.024452
35	38	2	2	-26784.641611
35	39	2	2	456913.866427
35	40	2	2	391409.078966
35	41	2	2	-3043.981800
35	42	2	2	143501.317502
35	43	2	2	-2693.312397
35	44	2	2	69222.154697
35	45	2	2	68961.311437
35	46	2	2	59769.169479
35	47	2	2	32049.443368
35	48	2	2	61734.143026
35	49	2	2	25170.494685
35	50	2	2	359755.633228
35	55	2	8	-0.004289
35	56	2	8	0.010541
35	57	2	8	-0.026728
35	58	2	8	0.115571
35	59	2	8	-0.256218
35	60	2	8	0.731416
35	61	2	8	-2.266352
35	62	2	8	11.480273
35	63	2	8	-97.198177
35	64	2	8	1942.239713
35	65	2	8	2832.448655
35	66	2	8	4334.862752
35	67	2	8	3960.005788
35	68	2	8	1037.107981
35	69	2	8	551.736631
35	71	2	8	3327.044983
35	72	2	8	-6731.910110
35	73	2	8	4035.922825
35	80	2	26	0.001814
35	81	2	26	-0.004976
35	82	2	26	0.002525
35	83	2	26	-0.095102
35	84	2	26	0.189647
35	85	2	26	-1.646313
35	86	2	26	8.950196
35	87	2	26	-90.106544
35	88	2	26	21.074335
35	89	2	26	111.084878
35	90	2	26	208.971266
35	91	2	26	129.246921
35	95	2	26	-48.612234
35	100	2	26	-134596.082759
36	36	2	2	129907.649659
36	37	2	2	-205919.074667
36	38	2	2	430045.846020
36	39	2	2	-716533.520448
36	40	2	2	-307413.495791
36	41	2	2	346348.830886
36	42	2	2	-52287.950137
36	43	2	2	133114.880240
36	44	2	2	26319.109976
36	45	2	2	91213.218245
36	46	2	2	73329.833636
36	47	2	2	29590.811417
36	48	2	2	70008.616293
36	49	2	2	57262.945200
36	50	2	2	334031.903725
36	55	2	8	-0.050888
36	56	2	8	0.143723
36	57	2	8	-0.458596
36	58	2	8	-0.981007
36	59	2	8	-1.066408
36	60	2	8	-2.331502
36	61	2	8	-2.854991
36	62	2	8	-7.045785
36	63	2	8	-106.455036
36	64	2	8	-713.567329
36	65	2	8	4170.571329
36	66	2	8	1548.205256
36	67	2	8	5326.797111
36	68	2	8	-227.520435
36	69	2	8	1733.906104
36	71	2	8	3585.026813
36	72	2	8	-5809.576718
36	73	2	8	2472.182591
36	80	2	26	-0.006255
36	81	2	26	0.017292
36	82	2	26	-0.064168
36	83	2	26	0.381616
36	84	2	26	-1.235964
36	85	2	26	8.356733
36	86	2	26	-32.514666
36	87	2	26	91.008710
36	88	2	26	76.231474
36	89	2	26	415.622003
36	90	2	26	437.198373
36	91	2	26	131.223725
36	95	2	26	31.264345
36	100	2	26	-43424.750622
37	37	2	2	2212363.066755
37	38	2	2	-766825.162089
37	39	2	2	8491808.645883
37	40	2	2	6932305.444957
37	41	2	2	-348354.973972
37	42	2	2	2508308.920217
37	43	2	2	-164113.975939
37	44	2	2	1165780.453354
37	45	2	2	1101879.724767
37	46	2	2	963552.907246
37	47	2	2	524106.530364
37	48	2	2	999006.495703
37	49	2	2	381027.160794
37	50	2	2	5890713.434561
37	55	2	8	-0.045836
37	56	2	8	0.100886
37	57	2	8	-0.196579
37	58	2	8	2.735590
37	59	2	8	-3.978826
37	60	2	8	14.819683
37	61	2	8	-39.469134
37	62	2	8	213.578087
37	63	2	8	-1701.052065
37	64	2	8	34238.073625
37	65	2	8	44856.335385
37	66	2	8	73283.179030
37	67	2	8	63151.875703
37	68	2	8	18133.477641
37	69	2	8	7938.616298
37	71	2	8	54054.320993
37	72	2	8	-110638.672387
37	73	2	8	67209.484680
37	80	2	26	0.036544
37	81	2	26	-0.100361
37	82	2	26	0.092976
37	83	2	26	-1.959587
37	84	2	26	4.278167
37	85	2	26	-35.320631
37	86	2	26	183.031052
37	87	2	26	-1664.576232
37	88	2	26	328.600167
37	89	2	26	1533.507419
37	90	2	26	3228.287656
37	91	2	26	2107.744889
37	95	2	26	-862.946019
37	100	2	26	-2277868.952650
38	38	2	2	44821525.735653
38	39	2	2	-38646503.845072
38	40	2	2	11020922.543879
38	41	2	2	42235816.678954
38	42	2	2	9394425.912254
38	43	2	2	16536380.517356
38	44	2	2	10876378.301294
38	45	2	2	19288830.764417
38	46	2	2	15588608.713223
38	47	2	2	7278951.901274
38	48	2	2	15510828.466309
38	49	2	2	10066675.742544
38	50	2	2	80768001.014623
38	55	2	8	-5.084566
38	56	2	8	14.344454
38	57	2	8	-45.701309
38	58	2	8	-98.240852
38	59	2	8	-108.238061
38	60	2	8	-231.966119
38	61	2	8	-291.287111
38	62	2	8	-668.812483
38	63	2	8	-11040.870129
38	64	2	8	88354.870539
38	65	2	8	847190.904606
38	66	2	8	643826.572751
38	67	2	8	1120666.178517
38	68	2	8	70213.788044
38	69	2	8	278451.949124
38	71	2	8	804565.502765
38	72	2	8	-1455840.573956
38	73	2	8	742305.770307
38	80	2	26	-0.569206
38	81	2	26	1.576256
38	82	2	26	-7.045019
38	83	2	26	36.169565
38	84	2	26	-126.689514
38	85	2	26	830.587741
38	86	2	26	-3142.540312
38	87	2	26	5106.559222
38	88	2	26	8276.669525
38	89	2	26	65000.845345
38	90	2	26	75019.232448
38	91	2	26	30229.647471
38	95	2	26	-1422.523962
38	100	2	26	-19813452.224499
39	39	2	2	664044783.256037
39	40	2	2	-436396748.006596
39	41	2	2	-123548734.920062
39	42	2	2	55023778.811090
39	43	2	2	-109401497.475992
39	44	2	2	17410649.341875
39	45	2	2	-76351353.875751
39	46	2	2	-12764434.427728
39	47	2	2	-23428732.313705
39	48	2	2	-29855708.710388
39	49	2	2	-54012476.403657
39	50	2	2	-70210938.650751
39	55	2	8	-18.441330
39	56	2	8	48.758506
39	57	2	8	-140.991988
39	58	2	8	115.785730
39	59	2	8	-737.455948
39	60	2	8	1314.356351
39	61	2	8	-5674.337615
39	62	2	8	25401.500349
39	63	2	8	-248668.598860
39	64	2	8	3767235.298764
39	65	2	8	-2062206.744136
39	66	2	8	2288312.786696
39	67	2	8	-2653120.772861
39	68	2	8	1495782.894549
39	69	2	8	-913157.466688
39	71	2	8	-342766.726358
39	72	2	8	1093429.457909
39	73	2	8	805736.242353
39	80	2	26	2.344831
39	81	2	26	-6.457074
39	82	2	26	14.066864
39	83	2	26	-137.237035
39	84	2	26	380.260281
39	85	2	26	-2815.743223
39	86	2	26	14041.528444
39	87	2	26	-97129.148921
39	88	2	26	89371.534414
39	89	2	26	-167381.777794
39	90	2	26	-14047.474480
39	91	2	26	-21786.099448
39	95	2	26	-14871.039058
39	100	2	26	-6665755.981900
40	40	2	2	9892495893.435244
40	41	2	2	89793056.330695
40	42	2	2	489359587.059742
40	43	2	2	855728489.178791
40	44	2	2	119902360.100278
40	45	2	2	1079801457.596393
40	46	2	2	277406817.036949
40	47	2	2	405894753.811895
40	48	2	2	550333687.681273
40	49	2	2	664586727.070484
40	50	2	2	1972463256.002505
40	55	2	8	176.401716
40	56	2	8	-484.447408
40	57	2	8	1485.412503
40	58	2	8	1279.646650
40	59	2	8	5148.818181
40	60	2	8	-1506.253381
40	61	2	8	30336.793023
40	62	2	8	-100581.458095
40	63	2	8	1361174.304016
40	64	2	8	-26341356.564916
40	65	2	8	26824899.099340
40	66	2	8	-2701391.102341
40	67	2	8	37071179.148418
40	68	2	8	-9327259.226783
40	69	2	8	9366307.993968
40	71	2	8	14803641.486160
40	72	2	8	-34062400.110179
40	73	2	8	7938146.516294
40	80	2	26	-0.153260
40	81	2	26	0.480472
40	82	2	26	-27.704495
40	83	2	26	45.995612
40	84	2	26	-368.922057
40	85	2	26	1965.042232
40	86	2	26	-9139.305835
40	87	2	26	961.918906
40	88	2	26	-855453.619676
40	89	2	26	1316215.295309
40	90	2	26	224998.004536
40	91	2	26	688308.474207
40	95	2	26	-196902.756109
40	100	2	26	-620173566.638134
41	41	2	2	4191658232.314838
41	42	2	2	-205959901.837178
41	43	2	2	1585259239.999976
41	44	2	2	1139434829.273398
41	45	2	2	456420245.013145
41	46	2	2	1125690000.126115
41	47	2	2	235501931.992966
41	48	2	2	801312213.624364
41	49	2	2	999557597.469867
41	50	2	2	2058119460.848080
41	55	2	8	231.818739
41	56	2	8	-643.377364
41	57	2	8	2003.132009
41	58	2	8	2853.730772
41	59	2	8	6051.963288
41	60	2	8	3259.326502
41	61	2	8	28471.273562
41	62	2	8	-57009.089479
41	63	2	8	1057116.747633
41	64	2	8	14143397.124070
41	65	2	8	16300836.858656
41	66	2	8	14116820.221428
41	67	2	8	30301210.371742
41	68	2	8	413229.187219
41	69	2	8	12673445.861220
41	71	2	8	29532953.285305
41	72	2	8	-17909111.144420
41	73	2	8	21366971.492716
41	80	2	26	-7.917567
41	81	2	26	21.664441
41	82	2	26	21.000124
41	83	2	26	343.742671
41	84	2	26	-263.690154
41	85	2	26	3955.804840
41	86	2	26	-24517.069934
41	87	2	26	533631.349855
41	88	2	26	-1076304.811200
41	89	2	26	889785.393143
41	90	2	26	225110.310789
41	91	2	26	412299.489535
41	95	2	26	-266705.474267
41	100	2	26	-594556825.849775
42	42	2	2	3594189167.566106
42	43	2	2	-893407337.731485
42	44	2	2	1581368973.829680
42	45	2	2	316633061.738031
42	46	2	2	565843186.652350
42	47	2	2	391568992.452379
42	48	2	2	629885885.025233
42	49	2	2	495637088.517374
42	50	2	2	2029561549.795530
42	55	2	8	-97.619020
42	56	2	8	258.018437
42	57	2	8	-745.701594
42	58	2	8	726.909372
42	59	2	8	-3916.969258
42	60	2	8	7446.488835
42	61	2	8	-31453.544770
42	62	2	8	150235.741748
42	63	2	8	-1634893.084198
42	64	2	8	76398396.638218
42	65	2	8	-21514183.837202
42	66	2	8	79092933.784327
42	67	2	8	-13378008.456378
42	68	2	8	27299455.752973
42	69	2	8	-11788323.329816
42	71	2	8	21228011.754138
42	72	2	8	-24049690.981894
42	73	2	8	37852954.046302
42	80	2	26	8.901961
42	81	2	26	-24.638016
42	82	2	26	105.483308
42	83	2	26	-567.068074
42	84	2	26	1965.731890
42	85	2	26	-13022.846646
42	86	2	26	52921.767797
42	87	2	26	-45524.868284
42	88	2	26	-666142.534210
42	89	2	26	-169024.717934
42	90	2	26	541213.066588
42	91	2	26	807477.032014
42	95	2	26	-286351.107002
42	100	2	26	-813500519.037211
43	43	2	2	3891472553.367795
43	44	2	2	-1049229614.214867
43	45	2	2	1502574503.534557
43	46	2	2	259340127.269806
43	47	2	2	154950324.498547
43	48	2	2	263966040.610900
43	49	2	2	802901605.660104
43	50	2	2	729485538.749893
43	55	2	8	192.821019
43	56	2	8	-529.072776
43	57	2	8	1620.138673
43	58	2	8	1456.492415
43	59	2	8	5677.837922
43	60	2	8	-1477.892215
43	61	2	8	32940.610254
43	62	2	8	-107862.266763
43	63	2	8	1458093.629247
43	64	2	8	-29710649.092341
43	65	2	8	16326971.703587
43	66	2	8	-74173615.371826
43	67	2	8	49814101.439422
43	68	2	8	-43135273.527791
43	69	2	8	26088769.786769
43	71	2	8	-2432593.063268
43	72	2	8	-7475707.391615
43	73	2	8	-6349890.178722
43	80	2	26	-5.308612
43	81	2	26	14.592223
43	82	2	26	-16.312618
43	83	2	26	271.728723
43	84	2	26	-562.770433
43	85	2	26	4627.273573
43	86	2	26	-23298.361392
43	87	2	26	199958.281337
43	88	2	26	606865.139898
43	89	2	26	-1027721.386989
43	90	2	26	209053.766277
43	91	2	26	-613193.665271
43	95	2	26	-196135.516364
43	100	2	26	-81559469.383919
44	44	2	2	7608695319.130883
44	45	2	2	-4313449199.306277
44	46	2	2	2567160211.724610
44	47	2	2	85698936.297318
44	48	2	2	783503638.843919
44	49	2	2	414020433.822848
44	50	2	2	1704764350.354800
44	55	2	8	-60.108379
44	56	2	8	159.690221
44	57	2	8	-465.352743
44	58	2	8	337.728567
44	59	2	8	-2325.432072
44	60	2	8	4076.825849
44	61	2	8	-18265.455352
44	62	2	8	85811.555671
44	63	2	8	-953954.814653
44	64	2	8	45000250.675643
44	65	2	8	-19714173.553134
44	66	2	8	58440469.572600
44	67	2	8	-127364156.729389
44	68	2	8	104254643.997471
44	69	2	8	-89958529.761835
44	71	2	8	-452609.078813
44	72	2	8	-30800264.520727
44	73	2	8	3362707.444322
44	80	2	26	0.917763
44	81	2	26	-2.594963
44	82	2	26	36.157714
44	83	2	26	-93.951102
44	84	2	26	530.319928
44	85	2	26	-3032.772124
44	86	2	26	11333.403864
44	87	2	26	162782.308587
44	88	2	26	-1498744.789051
44	89	2	26	651821.929291
44	90	2	26	-3374964.228057
44	91	2	26	2003059.158316
44	95	2	26	62400.750119
44	100	2	26	-569981854.390597
45	45	2	2	10967631745.970140
45	46	2	2	-2641870150.774624
45	47	2	2	2459410868.855437
45	48	2	2	1628232964.783897
45	49	2	2	4234470031.591430
45	50	2	2	2657486871.543437
45	55	2	8	103.185894
45	56	2	8	-285.375456
45	57	2	8	884.039145
45	58	2	8	1197.467336
45	59	2	8	2799.706672
45	60	2	8	1062.681218
45	61	2	8	13600.144165
45	62	2	8	-30656.922664
45	63	2	8	504444.257819
45	64	2	8	4568368.488964
45	65	2	8	15134481.174542
45	66	2	8	-16886448.515838
45	67	2	8	121400311.207245
45	68	2	8	-139147462.009119
45	69	2	8	140564359.763724
45	71	2	8	20073682.847406
45	72	2	8	16159680.819295
45	73	2	8	30539314.936052
45	80	2	26	-1.705104
45	81	2	26	4.577652
45	82	2	26	44.772649
45	83	2	26	19.536741
45	84	2	26	453.314925
45	85	2	26	-1735.243607
45	86	2	26	382.785502
45	87	2	26	74209.162018
45	88	2	26	-259404.041503
45	89	2	26	-195052.408744
45	90	2	26	1037289.236659
45	91	2	26	-3914793.727675
45	95	2	26	-1381100.337004
45	100	2	26	-718473564.515795
46	46	2	2	17397966121.745407
46	47	2	2	-1873443207.206465
46	48	2	2	5862787405.457147
46	49	2	2	7564237483.480335
46	50	2	2	7383736864.892516
46	55	2	8	59.429500
46	56	2	8	-170.122345
46	57	2	8	552.818383
46	58	2	8	1462.920276
46	59	2	8	1002.418856
46	60	2	8	4205.619392
46	61	2	8	-122.272685
46	62	2	8	32494.954401
46	63	2	8	-144749.401691
46	64	2	8	26798143.111517
46	65	2	8	6025566.230443
46	66	2	8	27394494.268093
46	67	2	8	-5754547.395739
46	68	2	8	33509434.677982
46	69	2	8	-147369494.882617
46	71	2	8	34686352.104360
46	72	2	8	-26149837.641148
46	73	2	8	-60662249.432754
46	80	2	26	1.152827
46	81	2	26	-3.255015
46	82	2	26	42.311679
46	83	2	26	-108.697290
46	84	2	26	598.098135
46	85	2	26	-3409.512989
46	86	2	26	13899.228281
46	87	2	26	288549.068897
46	88	2	26	832708.404759
46	89	2	26	1418068.011879
46	90	2	26	1507201.207517
46	91	2	26	1962830.862822
46	95	2	26	528117.020210
46	100	2	26	-1363165025.056306
47	47	2	2	12572850796.624424
47	48	2	2	-1654927772.195980
47	49	2	2	6278104469.570899
47	50	2	2	1943068844.662201
47	55	2	8	-47.101466
47	56	2	8	131.920262
47	57	2	8	-416.075102
47	58	2	8	-592.656697
47	59	2	8	-1102.201081
47	60	2	8	-844.848287
47	61	2	8	-5188.908501
47	62	2	8	8330.796650
47	63	2	8	-189448.652762
47	64	2	8	-10681994.582579
47	65	2	8	-8672155.883726
47	66	2	8	2311873.324831
47	67	2	8	-53121136.497898
47	68	2	8	42473098.707592
47	69	2	8	-157599520.327367
47	71	2	8	-162653389.221521
47	72	2	8	-47654815.493071
47	73	2	8	-23751211.799227
47	80	2	26	-2.753014
47	81	2	26	7.455894
47	82	2	26	36.686542
47	83	2	26	108.715689
47	84	2	26	118.010051
47	85	2	26	623.143715
47	86	2	26	-3544.319467
47	87	2	26	108440.488236
47	88	2	26	849374.726701
47	89	2	26	98407.075050
47	90	2	26	2145854.409357
47	91	2	26	62058.619322
47	95	2	26	148742.586381
47	100	2	26	-325290666.147535
48	48	2	2	18528747610.421307
48	49	2	2	1476704612.619175
48	50	2	2	6261901828.421794
48	55	2	8	144.639196
48	56	2	8	-409.186849
48	57	2	8	1308.649364
48	58	2	8	2760.184480
48	59	2	8	2953.333263
48	60	2	8	6639.204801
48	61	2	8	7478.995706
48	62	2	8	29591.311605
48	63	2	8	77957.844107
48	64	2	8	48616953.530140
48	65	2	8	29803713.092800
48	66	2	8	48082222.451845
48	67	2	8	52580734.258620
48	68	2	8	19530396.394778
48	69	2	8	62759939.232173
48	71	2	8	280344254.621650
48	72	2	8	-7264455.594346
48	73	2	8	-26628843.410898
48	80	2	26	8.761794
48	81	2	26	-24.157069
48	82	2	26	66.532641
48	83	2	26	-533.390809
48	84	2	26	1606.665991
48	85	2	26	-11422.921328
48	86	2	26	44913.470855
48	87	2	26	12059.831939
48	88	2	26	1017979.986651
48	89	2	26	1001063.651404
48	90	2	26	1586941.406941
48	91	2	26	839565.770958
48	95	2	26	85364.861028
48	100	2	26	-1244140706.140430
49	49	2	2	36346035172.537842
49	50	2	2	6353854366.470109
49	55	2	8	-52.281084
49	56	2	8	146.230223
49	57	2	8	-460.330973
49	58	2	8	-641.493009
49	59	2	8	-1244.504953
49	60	2	8	-855.016628
49	61	2	8	-5935.139959
49	62	2	8	9940.393087
49	63	2	8	-203448.031858
49	64	2	8	-15422516.090920
49	65	2	8	-4146857.827927
49	66	2	8	-15407404.764632
49	67	2	8	-4389945.461830
49	68	2	8	-40962508.243324
49	69	2	8	-31787410.537434
49	71	2	8	-656191515.259739
49	72	2	8	226852541.361328
49	73	2	8	29178435.539191
49	80	2	26	-4.141606
49	81	2	26	11.254803
49	82	2	26	36.469133
49	83	2	26	195.301176
49	84	2	26	-95.609935
49	85	2	26	2389.385446
49	86	2	26	-7474.074325
49	87	2	26	235398.901969
49	88	2	26	1610372.314117
49	89	2	26	1145135.781826
49	90	2	26	2706540.687398
49	91	2	26	1228997.251891
49	95	2	26	781907.087502
49	100	2	26	-603535018.684910
50	50	2	2	26161003246.334843
50	55	2	8	204.624752
50	56	2	8	-586.103018
50	57	2	8	1906.063194
50	58	2	8	5491.869879
50	59	2	8	3414.442909
50	60	2	8	16266.557479
50	61	2	8	-3961.982601
50	62	2	8	137795.052860
50	63	2	8	-798655.429992
50	64	2	8	109236637.948008
50	65	2	8	39462687.304997
50	66	2	8	118777782.098167
50	67	2	8	40957795.324638
50	68	2	8	40049960.783359
50	69	2	8	-73515334.957248
50	71	2	8	94673754.707571
50	72	2	8	-583686843.085282
50	73	2	8	-326765293.664367
50	80	2	26	4.147820
50	81	2	26	-12.094681
50	82	2	26	320.526846
50	83	2	26	-584.221094
50	84	2	26	4089.939040
50	85	2	26	-21735.876574
50	86	2	26	76662.688337
50	87	2	26	872211.824117
50	88	2	26	3466940.889045
50	89	2	26	3888982.292554
50	90	2	26	7733275.537574
50	91	2	26	4290776.420380
50	95	2	26	-606786.055713
50	100	2	26	-6005209133.976230
55	55	8	8	3.223987
55	56	8	8	-4.905847
55	57	8	8	2.647751
55	58	8	8	-0.337539
55	59	8	8	2.514525
55	60	8	8	1.531098
55	61	8	8	4.844814
55	62	8	8	5.806990
55	63	8	8	37.297468
55	64	8	8	-22.136110
55	65	8	8	35.988780
55	66	8	8	31.573519
55	67	8	8	14.483915
55	68	8	8	11.410434
55	69	8	8	12.168905
55	71	8	8	29.240099
55	72	8	8	18.771186
55	73	8	8	47.133823
55	80	8	26	-0.000187
55	81	8	26	0.000505
55	82	8	26	0.002768
55	83	8	26	0.008362
55	84	8	26	0.003899
55	85	8	26	0.077132
55	86	8	26	-0.055917
55	87	8	26	0.315731
55	88	8	26	1.820327
55	89	8	26	0.729829
55	90	8	26	2.499674
55	91	8	26	0.184706
55	95	8	26	0.282772
55	100	8	26	106.575888
56	56	8	8	8.882879
56	57	8	8	-6.530423
56	58	8	8	0.522878
56	59	8	8	-6.744270
56	60	8	8	-4.587433
56	61	8	8	-13.356672
56	62	8	8	-17.087100
56	63	8	8	-102.575322
56	64	8	8	58.621524
56	65	8	8	-100.148776
56	66	8	8	-89.529757
56	67	8	8	-40.957355
56	68	8	8	-32.307107
56	69	8	8	-34.241969
56	71	8	8	-82.442337
56	72	8	8	-52.505782
56	73	8	8	-132.375486
56	80	8	26	0.000520
56	81	8	26	-0.001406
56	82	8	26	-0.007645
56	83	8	26	-0.023336
56	84	8	26	-0.010248
56	85	8	26	-0.217468
56	86	8	26	0.157333
56	87	8	26	-0.906200
56	88	8	26	-5.050935
56	89	8	26	-2.095601
56	90	8	26	-6.990299
56	91	8	26	-0.534535
56	95	8	26	-0.795360
56	100	8	26	-298.540153
57	57	8	8	16.680236
57	58	8	8	0.219951
57	59	8	8	19.951486
57	60	8	8	15.792288
57	61	8	8	41.186521
57	62	8	8	57.533737
57	63	8	8	315.176305
57	64	8	8	-169.953430
57	65	8	8	313.003373
57	66	8	8	287.240222
57	67	8	8	130.909978
57	68	8	8	103.440540
57	69	8	8	108.705250
57	71	8	8	262.444430
57	72	8	8	165.301668
57	73	8	8	419.123052
57	80	8	26	-0.001627
57	81	8	26	0.004397
57	82	8	26	0.023640
57	83	8	26	0.073229
57	84	8	26	0.029357
57	85	8	26	0.692263
57	86	8	26	-0.499419
57	87	8	26	2.955067
57	88	8	26	15.720958
57	89	8	26	6.837410
57	90	8	26	21.999906
57	91	8	26	1.762084
57	95	8	26	2.523509
57	100	8	26	941.788190
58	58	8	8	42.779223
58	59	8	8	2.764407
58	60	8	8	62.898844
58	61	8	8	44.436869
58	62	8	8	197.532579
58	63	8	8	308.770737
58	64	8	8	114.745252
58	65	8	8	446.251928
58	66	8	8	607.546606
58	67	8	8	271.289042
58	68	8	8	212.898912
58	69	8	8	201.115431
58	71	8	8	504.820361
58	72	8	8	247.198156
58	73	8	8	740.715283
58	80	8	26	-0.003773
58	81	8	26	0.010184
58	82	8	26	0.060234
58	83	8	26	0.165441
58	84	8	26	0.119985
58	85	8	26	1.377545
58	86	8	26	-0.929801
58	87	8	26	7.618476
58	88	8	26	19.995241
58	89	8	26	16.057358
58	90	8	26	33.841403
58	91	8	26	4.974415
58	95	8	26	4.100399
58	100	8	26	864.724430
59	59	8	8	75.538243
59	60	8	8	6.525100
59	61	8	8	134.985386
59	62	8	8	49.389985
59	63	8	8	1072.695382
59	64	8	8	-876.077031
59	65	8	8	911.381191
59	66	8	8	622.943869
59	67	8	8	297.700076
59	68	8	8	230.250619
59	69	8	8	268.066910
59	71	8	8	626.766137
59	72	8	8	446.769841
59	73	8	8	1065.179465
59	80	8	26	-0.004706
59	81	8	26	0.012699
59	82	8	26	0.076241
59	83	8	26	0.204993
59	84	8	26	0.162901
59	85	8	26	1.653932
59	86	8	26	-1.236692
59	87	8	26	5.092608
59	88	8	26	47.654186
59	89	8	26	11.641012
59	90	8	26	59.684352
59	91	8	26	2.500402
59	95	8	26	6.267613
59	100	8	26	2495.682050
60	60	8	8	204.812681
60	61	8	8	9.112751
60	62	8	8	665.174278
60	63	8	8	-151.399575
60	64	8	8	1482.318628
60	65	8	8	545.572288
60	66	8	8	1488.952948
60	67	8	8	642.745545
60	68	8	8	507.248348
60	69	8	8	418.260377
60	71	8	8	1105.852340
60	72	8	8	369.402676
60	73	8	8	1446.185360
60	80	8	26	-0.008413
60	81	8	26	0.022707
60	82	8	26	0.134320
60	83	8	26	0.369430
60	84	8	26	0.264599
60	85	8	26	3.091619
60	86	8	26	-1.908536
60	87	8	26	21.817225
60	88	8	26	16.052428
60	89	8	26	44.913400
60	90	8	26	52.424146
60	91	8	26	15.346921
60	95	8	26	7.448870
60	100	8	26	27.184620
61	61	8	8	628.189428
61	62	8	8	-523.444020
61	63	8	8	6016.604605
61	64	8	8	-6695.743909
61	65	8	8	4316.405982
61	66	8	8	1542.162833
61	67	8	8	800.135088
61	68	8	8	625.664091
61	69	8	8	942.512423
61	71	8	8	2038.320227
61	72	8	8	2038.886545
61	73	8	8	4024.471376
61	80	8	26	-0.012001
61	81	8	26	0.032438
61	82	8	26	0.173115
61	83	8	26	0.538352
61	84	8	26	0.219977
61	85	8	26	5.055603
61	86	8	26	-4.721741
61	87	8	26	2.066261
61	88	8	26	243.929313
61	89	8	26	11.566496
61	90	8	26	267.010808
61	91	8	26	-5.835591
61	95	8	26	26.738604
61	100	8	26	16036.816276
62	62	8	8	5616.328799
62	63	8	8	-17973.362500
62	64	8	8	30982.683625
62	65	8	8	-8544.030467
62	66	8	8	6715.149563
62	67	8	8	2657.842725
62	68	8	8	1974.819466
62	69	8	8	386.220013
62	71	8	8	2357.500460
62	72	8	8	-3229.996174
62	73	8	8	-844.011379
62	80	8	26	-0.025217
62	81	8	26	0.067900
62	82	8	26	0.464897
62	83	8	26	1.073861
62	84	8	26	1.296786
62	85	8	26	7.256582
62	86	8	26	5.069143
62	87	8	26	124.010043
62	88	8	26	-617.899784
62	89	8	26	275.460231
62	90	8	26	-433.497864
62	91	8	26	132.052948
62	95	8	26	-33.869197
62	100	8	26	-58924.671545
63	63	8	8	241486.211604
63	64	8	8	-336159.748302
63	65	8	8	169380.895888
63	66	8	8	22471.469799
63	67	8	8	10302.161915
63	68	8	8	12494.920011
63	69	8	8	28225.719554
63	71	8	8	54902.607587
63	72	8	8	79036.418128
63	73	8	8	128686.926336
63	80	8	26	-0.230318
63	81	8	26	0.627822
63	82	8	26	1.158548
63	83	8	26	11.934507
63	84	8	26	-15.741646
63	85	8	26	183.131343
63	86	8	26	-282.561257
63	87	8	26	431.743289
63	88	8	26	10848.534619
63	89	8	26	344.493897
63	90	8	26	11658.271579
63	91	8	26	-643.085116
63	95	8	26	1357.940525
63	100	8	26	1124145.119492
64	64	8	8	14865785.049024
64	65	8	8	1347107.467056
64	66	8	8	9368827.457529
64	67	8	8	4747151.251459
64	68	8	8	3077174.029858
64	69	8	8	2279824.342175
64	71	8	8	6454974.422088
64	72	8	8	1987504.579110
64	73	8	8	8234145.496298
64	80	8	26	2.919986
64	81	8	26	-8.035331
64	82	8	26	14.220049
64	83	8	26	-162.317374
64	84	8	26	408.329248
64	85	8	26	-3107.033150
64	86	8	26	13225.793527
64	87	8	26	-73306.404536
64	88	8	26	-200682.373400
64	89	8	26	60755.553794
64	90	8	26	-155531.649707
64	91	8	26	89767.576662
64	95	8	26	-47402.524712
64	100	8	26	-81410862.899927
65	65	8	8	5744278.175574
65	66	8	8	3017893.279180
65	67	8	8	4969671.984368
65	68	8	8	976937.861894
65	69	8	8	2313227.487647
65	71	8	8	3984467.015873
65	72	8	8	1323691.857615
65	73	8	8	3011186.821343
65	80	8	26	0.015757
65	81	8	26	-0.033613
65	82	8	26	-3.400739
65	83	8	26	-1.042322
65	84	8	26	-14.492480
65	85	8	26	15.213854
65	86	8	26	-505.719865
65	87	8	26	12295.820073
65	88	8	26	-72459.910501
65	89	8	26	-98301.359900
65	90	8	26	-52587.727805
65	91	8	26	-18806.461328
65	95	8	26	-29489.089281
65	100	8	26	-21767247.609623
66	66	8	8	15476790.142398
66	67	8	8	1902731.019994
66	68	8	8	5525465.492548
66	69	8	8	1060534.411984
66	71	8	8	6677067.872366
66	72	8	8	1379698.430800
66	73	8	8	7001580.669523
66	80	8	26	2.207813
66	81	8	26	-6.064502
66	82	8	26	6.651739
66	83	8	26	-121.907245
66	84	8	26	283.337426
66	85	8	26	-2271.484371
66	86	8	26	9327.527443
66	87	8	26	-41147.432317
66	88	8	26	23284.692240
66	89	8	26	-151691.037934
66	90	8	26	-37923.123562
66	91	8	26	69452.534050
66	95	8	26	-34537.840267
66	100	8	26	-61125475.661492
67	67	8	8	21348473.737425
67	68	8	8	-6961541.127937
67	69	8	8	9187927.883371
67	71	8	8	7090983.090837
67	72	8	8	3420395.190428
67	73	8	8	5997806.255193
67	80	8	26	0.223146
67	81	8	26	-0.612902
67	82	8	26	1.208366
67	83	8	26	-15.807399
67	84	8	26	50.937605
67	85	8	26	-372.874859
67	86	8	26	1026.283019
67	87	8	26	-1116.899631
67	88	8	26	-255228.296733
67	89	8	26	33009.053674
67	90	8	26	-598969.080203
67	91	8	26	-27587.781702
67	95	8	26	-86446.940262
67	100	8	26	-45134832.283676
68	68	8	8	14162589.473592
68	69	8	8	-6421458.251457
68	71	8	8	4469911.495425
68	72	8	8	1157926.511471
68	73	8	8	2914435.009800
68	80	8	26	0.896974
68	81	8	26	-2.464529
68	82	8	26	2.941428
68	83	8	26	-49.476022
68	84	8	26	116.034044
68	85	8	26	-923.419196
68	86	8	26	3822.673617
68	87	8	26	-18305.309506
68	88	8	26	67490.904804
68	89	8	26	-56176.424744
68	90	8	26	186821.041899
68	91	8	26	-108392.095467
68	95	8	26	-35868.032853
68	100	8	26	-18949594.583315
69	69	8	8	23772421.710617
69	71	8	8	13098494.932679
69	72	8	8	7800919.319073
69	73	8	8	7684538.812029
69	80	8	26	0.455285
69	81	8	26	-1.250235
69	82	8	26	1.316139
69	83	8	26	-25.593709
69	84	8	26	60.701457
69	85	8	26	-485.715328
69	86	8	26	1913.253776
69	87	8	26	-9285.576668
69	88	8	26	-10895.664153
69	89	8	26	30889.293979
69	90	8	26	-89014.485136
69	91	8	26	-1571.972681
69	95	8	26	-29685.904130
69	100	8	26	5172047.592310
71	71	8	8	57094538.306176
71	72	8	8	10213419.174311
71	73	8	8	13492106.509858
71	80	8	26	1.385118
71	81	8	26	-3.804265
71	82	8	26	4.312495
71	83	8	26	-78.336154
71	84	8	26	188.885822
71	85	8	26	-1499.754138
71	86	8	26	5878.760534
71	87	8	26	-20872.545603
71	88	8	26	20553.367980
71	89	8	26	33676.129492
71	90	8	26	-6206.697247
71	91	8	26	28147.354977
71	95	8	26	-35594.769688
71	100	8	26	-38282708.334498
72	72	8	8	31414247.466098
72	73	8	8	18113621.226633
72	80	8	26	0.928750
72	81	8	26	-2.531428
72	82	8	26	-5.733135
72	83	8	26	-42.060985
72	84	8	26	24.122869
72	85	8	26	-496.193900
72	86	8	26	2310.060771
72	87	8	26	-41062.673863
72	88	8	26	-99097.242496
72	89	8	26	-81233.000234
72	90	8	26	-207136.186832
72	91	8	26	-125137.048931
72	95	8	26	-87759.740414
72	100	8	26	128334410.487273
73	73	8	8	23209847.871382
73	80	8	26	1.907646
73	81	8	26	-5.235900
73	82	8	26	4.222231
73	83	8	26	-104.969055
73	84	8	26	235.026237
73	85	8	26	-1930.305825
73	86	8	26	7640.017279
73	87	8	26	-51529.243357
73	88	8	26	-85902.092576
73	89	8	26	-15720.614419
73	90	8	26	-105725.060103
73	91	8	26	-3950.417119
73	95	8	26	-121458.339805
73	100	8	26	9391692.105119
80	80	26	26	0.045241
80	81	26	26	-0.093638
80	82	26	26	0.064593
80	83	26	26	-0.036780
80	84	26	26	0.046258
80	85	26	26	-0.070093
80	86	26	26	0.108911
80	87	26	26	-0.196269
80	88	26	26	0.036373
80	89	26	26	-0.128855
80	90	26	26	-0.102214
80	91	26	26	-0.005733
80	95	26	26	-0.027749
80	100	26	26	-30.548367
81	81	26	26	0.255966
81	82	26	26	-0.181296
81	83	26	26	0.101176
81	84	26	26	-0.130988
81	85	26	26	0.193616
81	86	26	26	-0.300465
81	87	26	26	0.540241
81	88	26	26	-0.100614
81	89	26	26	0.354267
81	90	26	26	0.280043
81	91	26	26	0.015043
81	95	26	26	0.076589
81	100	26	26	84.681797
82	82	26	26	1.415227
82	83	26	26	-0.177473
82	84	26	26	1.359977
82	85	26	26	-0.573654
82	86	26	26	0.786675
82	87	26	26	-1.052539
82	88	26	26	0.227947
82	89	26	26	-0.800231
82	90	26	26	-0.433431
82	91	26	26	0.178284
82	95	26	26	-0.288942
82	100	26	26	-441.098658
83	83	26	26	1.399318
83	84	26	26	-1.313960
83	85	26	26	3.678680
83	86	26	26	-5.936145
83	87	26	26	11.193633
83	88	26	26	-1.163414
83	89	26	26	8.971204
83	90	26	26	8.064966
83	91	26	26	0.678515
83	95	26	26	1.990537
83	100	26	26	2141.805747
84	84	26	26	5.130136
84	85	26	26	-9.738809
84	86	26	26	15.859134
84	87	26	26	-29.521808
84	88	26	26	0.523914
84	89	26	26	-29.044751
84	90	26	26	-27.343650
84	91	26	26	-1.775690
84	95	26	26	-7.175169
84	100	26	26	-8245.322352
85	85	26	26	66.978548
85	86	26	26	-113.420805
85	87	26	26	220.514848
85	88	26	26	-5.645116
85	89	26	26	209.567942
85	90	26	26	201.080879
85	91	26	26	17.836414
85	95	26	26	48.731749
85	100	26	26	53148.815510
86	86	26	26	435.080010
86	87	26	26	-821.121762
86	88	26	26	203.805193
86	89	26	26	-505.617577
86	90	26	26	-322.839469
86	91	26	26	31.293957
86	95	26	26	-128.057765
86	100	26	26	-174917.531326
87	87	26	26	9136.217392
87	88	26	26	865.032869
87	89	26	26	9652.945395
87	90	26	26	9317.352186
87	91	26	26	608.791305
87	95	26	26	2519.576243
87	100	26	26	2556409.738990
88	88	26	26	40446.248984
88	89	26	26	4689.222643
88	90	26	26	40352.825940
88	91	26	26	3498.159319
88	95	26	26	5222.428809
88	100	26	26	2465898.139676
89	89	26	26	40688.566628
89	90	26	26	22343.470979
89	91	26	26	8095.482721
89	95	26	26	6573.586467
89	100	26	26	3930776.838277
90	90	26	26	93067.496661
90	91	26	26	328.007434
90	95	26	26	9489.413040
90	100	26	26	4714981.494393
91	91	26	26	25994.953872
91	95	26	26	6533.460922
91	100	26	26	-983769.608562
95	95	26	26	12332.081026
95	100	26	26	2284948.310111
100	100	26	26	17709670557.841290
