# (c) Hans Dembinski, hdembins@mpi-hd.mpg.de or hans.dembinski@gmail.com
# See README for more information.
#Z: log10(R/GV)
1: 0.00 0.30 0.50 0.70 1.00 2.00 3.00 3.50 4.00 5.00 6.00 6.50 7.00 7.50 8.00 8.50 9.00 9.50 9.75 10.00 10.25 10.50 11.00 11.50
2: 0.00 0.20 0.25 0.27 0.30 0.50 1.00 2.00 3.00 3.50 4.00 5.00 6.00 6.50 7.00 7.50 8.00 8.50 9.00 9.50 9.75 10.00 10.25 10.50 11.00 11.50
3: 0.00 0.30 0.50 0.70 1.00 3.00
4: 0.00 0.30 0.50 0.70 1.60
5: 0.00 0.30 0.50 0.70 1.00 2.80
6: 0.00 0.30 0.50 0.70 2.00 4.50
7: 0.00 0.30 0.50 0.70 1.00 2.00 3.30
8: 0.00 0.30 0.50 0.70 1.00 2.00 3.00 5.00 6.00 6.50 7.00 7.50 8.00 8.50 9.00 9.50 9.75 10.00 10.25 10.50 11.00 11.50
9: 0.00 0.30 0.50 0.70 2.00
10: 0.00 0.30 0.50 0.70 2.00 4.00
11: 0.00 0.30 0.50 0.70 2.00
12: 0.00 0.30 0.50 0.70 2.00 4.00
13: 0.00 0.30 0.50 0.70 2.00
14: 0.00 0.30 0.50 0.70 2.00 4.00
15: 0.00 0.30 0.50 0.70 2.00
16: 0.00 0.30 0.50 0.70 2.00
17: 0.00 0.30 0.50 0.70 2.00
18: 0.00 0.30 0.50 0.70 2.00
19: 0.00 0.30 0.50 0.70 2.00
20: 0.00 0.30 0.50 0.70 2.00
21: 0.00 0.30 0.50 0.70 2.00
22: 0.00 0.30 0.50 0.70 2.00
23: 0.00 0.30 0.50 0.70 2.00
24: 0.00 0.30 0.50 0.70 2.00
25: 0.00 0.30 0.50 0.70 2.00
26: 0.00 0.30 0.50 0.70 1.00 2.00 3.00 5.00 6.00 6.50 7.00 7.50 8.00 8.50 9.00 9.50 9.75 10.00 10.25 10.50 11.00 11.50
27: 0.00 0.30 0.50 0.70 2.00
28: 0.00 0.30 0.50 0.70 2.00
