# (c) Hans Dembinski, MPIK hdembins@mpi-hd.mpg.de or hans.dembinski@gmail.com
# See README for more information.
#i	Z	value [1/(GV.m2.sr.s)]
0	1	0.000000
1	1	7652.533016
2	1	12046.461124
3	1	18281.220569
4	1	27083.356097
5	1	37630.399643
6	1	44084.536265
7	1	64010.460944
8	1	103696.702562
9	1	218118.718101
10	1	269699.935273
11	1	698261.396037
12	1	1202050.032059
13	1	847608.813593
14	1	767479.228187
15	1	687719.020949
16	1	815882.828456
17	1	1102239.199069
18	1	1611556.942745
19	1	635792.096347
20	1	178262.447590
21	1	114089.803426
22	1	27041.760185
23	1	0.000000
24	1	0.000000
25	1	0.000000
26	2	0.000000
27	2	0.000000
28	2	0.000000
29	2	1049.271636
30	2	1707.723738
31	2	2146.814846
32	2	3498.244255
33	2	6690.274814
34	2	9842.084711
35	2	15360.067854
36	2	32726.465138
37	2	61000.902509
38	2	123800.749666
39	2	266814.627666
40	2	332941.807470
41	2	178698.416514
42	2	135221.692688
43	2	238563.341470
44	2	211743.287316
45	2	0.000000
46	2	94935.275478
47	2	460641.542904
48	2	450719.789592
49	2	144782.687301
50	2	0.000000
51	2	0.000000
52	2	0.000000
53	2	0.000000
54	8	0.000000
55	8	9.366635
56	8	31.136521
57	8	76.137113
58	8	108.031475
59	8	198.148811
60	8	323.977078
61	8	325.222158
62	8	2373.127774
63	8	4698.287119
64	8	5099.730061
65	8	8597.219664
66	8	0.000000
67	8	4072.742901
68	8	1472.394229
69	8	1689.313455
70	8	0.000000
71	8	18804.037473
72	8	3634.243101
73	8	0.000000
74	8	0.000000
75	8	0.000000
76	8	0.000000
77	8	0.000000
78	26	0.000000
79	26	0.000000
80	26	3.236023
81	26	7.090155
82	26	10.783685
83	26	24.634098
84	26	43.807451
85	26	68.464602
86	26	411.188719
87	26	444.578710
88	26	562.424988
89	26	996.340073
90	26	324.985018
91	26	0.000000
92	26	0.000000
93	26	0.000000
94	26	7.783995
95	26	0.000000
96	26	0.000000
97	26	45.723028
98	26	0.000000
99	26	0.000000
100	26	0.000000
101	26	0.000000
102	3	0.000000
103	3	0.000000
104	3	2.292122
105	3	14.577073
106	3	16.811800
107	3	31.612362
108	3	14.008129
109	3	11.531909
110	4	0.000000
111	4	0.000000
112	4	0.000000
113	4	5.208135
114	4	22.505491
115	4	28.083596
116	4	21.152594
117	5	0.000000
118	5	1.848139
119	5	4.557074
120	5	26.477535
121	5	41.580309
122	5	64.467965
123	5	14.965002
124	5	36.181671
125	6	0.000000
126	6	9.301801
127	6	31.859817
128	6	76.771114
129	6	185.894768
130	6	285.688298
131	6	612.187614
132	6	2329.564708
133	7	0.000000
134	7	2.263308
135	7	5.973184
136	7	25.445185
137	7	32.158425
138	7	54.288591
139	7	37.478958
140	7	6.497765
141	7	139.625135
142	9	0.000000
143	9	0.178847
144	9	0.138371
145	9	1.989317
146	9	3.095821
147	9	5.176375
148	9	1.630375
149	10	0.000000
150	10	0.842321
151	10	4.491255
152	10	12.075042
153	10	25.232536
154	10	61.433281
155	10	37.165554
156	10	266.369523
157	11	0.000000
158	11	0.154567
159	11	0.648675
160	11	2.811418
161	11	5.225746
162	11	8.266562
163	11	3.500638
164	12	0.000000
165	12	1.204429
166	12	6.297581
167	12	15.408131
168	12	32.720082
169	12	80.909108
170	12	23.812173
171	12	507.206001
172	13	0.000000
173	13	0.127207
174	13	0.851572
175	13	2.638285
176	13	5.860526
177	13	9.288579
178	13	7.106773
179	14	0.000000
180	14	0.701936
181	14	4.780542
182	14	11.446222
183	14	24.562539
184	14	73.746416
185	14	31.512314
186	14	337.178205
187	15	0.000000
188	15	0.032332
189	15	0.053200
190	15	0.569984
191	15	1.106634
192	15	1.602631
193	15	1.064280
194	16	0.000000
195	16	0.145835
196	16	0.588398
197	16	2.474143
198	16	4.642459
199	16	9.067779
200	16	7.002844
201	17	0.000000
202	17	0.004909
203	17	0.070898
204	17	0.506240
205	17	1.238998
206	17	1.408031
207	17	0.960230
208	18	0.000000
209	18	0.000000
210	18	0.124237
211	18	1.061389
212	18	2.484932
213	18	2.607638
214	18	2.900170
215	19	0.000000
216	19	0.039285
217	19	0.087810
218	19	0.884219
219	19	1.315980
220	19	2.032644
221	19	1.078001
222	20	0.000000
223	20	0.000000
224	20	0.562375
225	20	1.927922
226	20	3.017281
227	20	5.098600
228	20	4.203670
229	21	0.000000
230	21	0.000000
231	21	0.085955
232	21	0.428889
233	21	0.724544
234	21	0.820340
235	21	0.787020
236	22	0.000000
237	22	0.000000
238	22	0.396140
239	22	1.354216
240	22	2.255330
241	22	3.248342
242	22	2.152399
243	23	0.000000
244	23	0.000000
245	23	0.182206
246	23	0.643478
247	23	1.106602
248	23	1.856599
249	23	1.120878
250	24	0.000000
251	24	0.000000
252	24	0.434479
253	24	1.168082
254	24	2.516261
255	24	3.446806
256	24	2.976795
257	25	0.000000
258	25	0.000000
259	25	0.270927
260	25	0.698455
261	25	1.529646
262	25	3.215551
263	25	2.285022
264	27	0.000000
265	27	0.000000
266	27	0.016027
267	27	0.046425
268	27	0.074771
269	27	0.182973
270	27	0.130977
271	28	0.000000
272	28	0.000000
273	28	0.149285
274	28	0.374296
275	28	0.654937
276	28	2.483402
277	28	1.490356
