# energy, proton, helium, oxygen group, iron group, total
# [units: energy in GeV per nucleon, flux in 1/(GeV m2 s sr)]
1.0000000000e+00 4.5838868358e+02 5.6811797954e+02 1.2480544326e+02 7.2627934413e+01 1.2239400408e+03
1.1226677735e+00 1.1423658616e+03 9.7850750783e+02 2.1061482582e+02 1.2833253692e+02 2.4598207322e+03
1.2603829297e+00 1.3908023765e+03 9.4291922326e+02 2.0991643229e+02 1.2756937606e+02 2.6712074081e+03
1.4149912974e+00 1.3556585293e+03 7.8210144197e+02 1.8198568304e+02 1.0918608969e+02 2.4289317440e+03
1.5885651294e+00 1.2071701911e+03 6.1411591674e+02 1.4873591082e+02 8.8740876955e+01 2.0587628956e+03
1.7834308769e+00 1.0313459488e+03 4.7136282742e+02 1.1794307377e+02 7.0653676343e+01 1.6913055264e+03
2.0022003718e+00 8.6149243994e+02 3.5815063797e+02 9.1979219254e+01 5.5632455390e+01 1.3672547525e+03
2.2478058335e+00 7.0843031841e+02 2.7099009688e+02 7.1012351992e+01 4.3480537420e+01 1.0939133047e+03
2.5235391704e+00 5.7568896117e+02 2.0481641630e+02 5.4464680743e+01 3.3786568125e+01 8.6875662634e+02
2.8330961018e+00 4.6339647939e+02 1.5475240759e+02 4.1570160859e+01 2.6126395345e+01 6.8584544318e+02
3.1806256928e+00 3.6989091219e+02 1.1681189094e+02 3.1598391588e+01 2.0119198312e+01 5.3842039303e+02
3.5707859649e+00 2.9280578895e+02 8.8028375821e+01 2.3930477933e+01 1.5435520849e+01 4.2020016356e+02
4.0088063289e+00 2.2982996386e+02 6.6190285721e+01 1.8061714163e+01 1.1801209711e+01 3.2588317346e+02
4.5005576757e+00 1.7884061984e+02 4.9635652058e+01 1.3588526846e+01 8.9930677885e+00 2.5105786653e+02
5.0526310653e+00 1.3796193124e+02 3.7107000609e+01 1.0191947209e+01 6.8316513125e+00 1.9209253037e+02
5.6724260685e+00 1.0558458746e+02 2.7654039866e+01 7.6220564746e+00 5.1738892610e+00 1.4603457306e+02
6.3682499447e+00 8.0231785625e+01 2.0550039708e+01 5.6842850577e+00 3.9067774916e+00 1.1037288788e+02
7.1494289866e+00 6.0577869004e+01 1.5231117413e+01 4.2279413864e+00 2.9415202392e+00 8.2978448042e+01
8.0264335223e+00 4.5476873905e+01 1.1262288117e+01 3.1368573212e+00 2.2086286591e+00 6.2084648002e+01
9.0110182517e+00 3.3965742656e+01 8.3100889112e+00 2.3218737423e+00 1.6539448265e+00 4.6251650136e+01
1.0116379798e+01 2.5252947179e+01 6.1203299037e+00 1.7148535999e+00 1.2354328348e+00 3.4323563518e+01
1.1357333583e+01 1.8696955490e+01 4.5002555896e+00 1.2639418141e+00 9.2059996938e-01 2.5381752863e+01
1.2750512407e+01 1.3791398467e+01 3.3043974852e+00 9.2983353294e-01 6.8443295782e-01 1.8710062443e+01
1.4314589375e+01 1.0138816171e+01 2.4234585595e+00 6.8285221176e-01 5.0775379772e-01 1.3752880740e+01
1.6070528183e+01 7.4312447865e+00 1.7756510588e+00 5.0067404375e-01 3.7591568057e-01 1.0083485570e+01
1.8041864094e+01 5.4322084045e+00 1.2999413673e+00 3.6656331475e-01 2.7777381262e-01 7.3764868992e+00
2.0255019392e+01 3.9615820787e+00 9.5096005364e-01 2.6801594324e-01 2.0488113967e-01 5.3854392152e+00
2.2739657524e+01 2.8831502430e+00 6.9518029306e-01 1.9572186674e-01 1.5085751552e-01 3.9249099184e+00
2.5529080682e+01 2.0945645404e+00 5.0787029442e-01 1.4276837183e-01 1.1089926076e-01 2.8561024674e+00
2.8660676169e+01 1.5193656436e+00 3.7080944014e-01 1.0403579231e-01 8.1400549038e-02 2.0756114251e+00
3.2176417503e+01 1.1007280407e+00 2.7059047987e-01 7.5741361952e-02 5.9662434626e-02 1.5067223171e+00
3.6123426997e+01 7.9660177653e-01 1.9735937125e-01 5.5096207495e-02 4.3673281821e-02 1.0927306371e+00
4.0554607358e+01 5.7600455730e-01 1.4388144551e-01 4.0048344753e-02 3.1934545344e-02 7.9186889290e-01
4.5529350749e+01 4.1620531054e-01 1.0485048664e-01 2.9090759679e-02 2.3324205911e-02 5.7347076277e-01
5.1114334834e+01 3.0057619955e-01 7.6378367895e-02 2.1118549223e-02 1.7017442944e-02 4.1509055961e-01
5.7384416483e+01 2.1698521458e-01 5.5622728533e-02 1.5324593664e-02 1.2405951733e-02 3.0033848851e-01
6.4423635087e+01 1.5660046725e-01 4.0506348147e-02 1.1119794824e-02 9.0399406574e-03 2.1726655088e-01
7.2326338965e+01 1.1300490527e-01 2.9504316934e-02 8.0714303961e-03 6.5862502150e-03 1.5716690282e-01
8.1198449932e+01 8.1544028513e-02 2.1499617868e-02 5.8626928679e-03 4.7992016232e-03 1.1370554087e-01
9.1158882998e+01 5.8846744603e-02 1.5676106336e-02 4.2625304199e-03 3.4983521714e-03 8.2283733529e-02
1.0234114021e+02 4.2474555493e-02 1.1438690906e-02 3.1029576089e-03 2.5516023485e-03 5.9567806357e-02
1.1489510002e+02 3.0666585258e-02 8.3541551992e-03 2.2621405074e-03 1.8624936861e-03 4.3145374650e-02
1.2898902613e+02 2.2151780754e-02 6.1075016928e-03 1.6518812777e-03 1.3607340243e-03 3.1271897749e-02
1.4481182277e+02 1.6011428618e-02 4.4698805343e-03 1.2084155889e-03 9.9517627599e-04 2.2684901017e-02
1.6257556664e+02 1.1582268838e-02 3.2751109132e-03 8.8567758072e-04 7.2864316411e-04 1.6471700496e-02
1.8251834943e+02 8.3860112954e-03 2.4025420994e-03 6.5040031865e-04 5.3412927957e-04 1.1973082993e-02
2.0490746898e+02 6.0780426925e-03 1.7645714104e-03 4.7856373831e-04 3.9218100422e-04 8.7133588454e-03
2.3004301198e+02 4.4102062084e-03 1.2975704931e-03 3.5281468811e-04 2.8847712522e-04 6.3490685148e-03
2.5826187607e+02 3.2038586652e-03 9.5529853030e-04 2.6060471230e-04 2.1249343758e-04 4.6322553453e-03
2.8994228539e+02 2.3304069956e-03 7.0412558872e-04 1.9284843531e-04 1.5673901405e-04 3.3841200337e-03
3.2550885998e+02 1.6972712283e-03 5.1957090880e-04 1.4295785967e-04 1.1576743897e-04 2.4755674357e-03
3.6543830710e+02 1.2377745158e-03 3.8379495617e-04 1.0614753742e-04 8.5614454525e-05 1.8133314640e-03
4.1026581058e+02 9.0386895852e-04 2.8378249470e-04 7.8934626755e-05 6.3390953423e-05 1.3299770334e-03
4.6059220411e+02 6.6090557763e-04 2.1002595059e-04 5.8779019088e-05 4.6988423007e-05 9.7669897031e-04
5.1709202429e+02 4.8387570018e-04 1.5557143226e-04 4.3824100733e-05 3.4865573092e-05 7.1813680627e-04
5.8052255161e+02 3.5471066353e-04 1.1535685224e-04 3.2710672544e-05 2.5893677405e-05 5.2867186572e-04
6.5173396049e+02 2.6034079888e-04 8.5678142701e-05 2.4441007312e-05 1.9245460077e-05 3.8970540897e-04
7.3168071434e+02 1.9130009474e-04 6.3771092723e-05 1.8279542121e-05 1.4313609582e-05 2.8766433917e-04
8.2143435849e+02 1.4072362321e-04 4.7583769254e-05 1.3683174774e-05 1.0651418477e-05 2.1264198572e-04
9.2219788233e+02 1.0362601086e-04 3.5601877616e-05 1.0250473342e-05 7.9301819025e-06 1.5740854372e-04
1.0353218433e+03 7.6381799222e-05 2.6712381595e-05 7.6844009879e-06 5.9087256693e-06 1.1668730747e-04
1.1623224687e+03 5.6353315313e-05 2.0099203821e-05 5.7625194607e-06 4.3973569065e-06 8.6612395501e-05
1.3049019780e+03 4.1616973737e-05 1.5164684697e-05 4.3221015927e-06 3.2721965294e-06 6.4375956556e-05
1.4649713983e+03 3.0764438016e-05 1.1471122699e-05 3.2429067599e-06 2.4344616458e-06 4.7912929120e-05
1.6446761780e+03 2.2764211119e-05 8.6975831794e-06 2.4338116397e-06 1.8107273049e-06 3.5706333243e-05
1.8464249429e+03 1.6860436994e-05 6.6061876653e-06 1.8268820236e-06 1.3463702293e-06 2.6639876912e-05
2.0729217796e+03 1.2499013025e-05 5.0214804082e-06 1.3714041302e-06 1.0007273476e-06 1.9892624912e-05
2.3272024790e+03 9.2735708589e-06 3.8166549109e-06 1.0294726653e-06 7.4351314992e-07 1.4863211585e-05
2.6126752256e+03 6.8857809195e-06 2.8988547246e-06 7.7272400420e-07 5.5216377286e-07 1.1109523421e-05
2.9331662784e+03 5.1163777059e-06 2.1991343955e-06 5.7991305116e-07 4.0986506872e-07 8.3052902212e-06
3.2929712551e+03 3.8039820461e-06 1.6657230181e-06 4.3511275802e-07 3.0408663413e-07 6.2089044563e-06
3.6969127072e+03 2.8289793676e-06 1.2594095072e-06 3.2637403299e-07 2.2549084154e-07 4.6402537493e-06
4.1504047579e+03 2.1031738632e-06 9.5031139929e-07 2.4472669793e-07 1.6712027611e-07 3.4653322365e-06
4.6595256687e+03 1.5622569022e-06 7.1556282079e-07 1.8343351222e-07 1.2379214954e-07 2.5850453848e-06
5.2310993081e+03 1.1589945314e-06 5.3762632390e-07 1.3743106219e-07 9.1636385734e-08 1.9256883032e-06
5.8727866132e+03 8.5846063503e-07 4.0303242141e-07 1.0289186761e-07 6.7735337587e-08 1.4321202616e-06
6.5931882713e+03 6.3468749373e-07 3.0144326867e-07 7.6922578582e-08 4.9944393789e-08 1.0629977348e-06
7.4019599969e+03 4.6828767777e-07 2.2494057883e-07 5.7402560221e-08 3.6703841782e-08 7.8733465860e-07
8.3099419494e+03 3.4475347760e-07 1.6746563782e-07 4.2741992209e-08 2.6864766161e-08 5.8182587379e-07
9.3293040263e+03 2.5321580810e-07 1.2438972194e-07 3.1747043491e-08 1.9572167334e-08 4.2892474086e-07
1.0473708980e+04 1.8553137013e-07 9.2183587495e-08 2.3517143954e-08 1.4185431837e-08 3.1541753342e-07
1.1758495541e+04 1.3564022847e-07 6.8162451423e-08 1.7371122100e-08 1.0222724295e-08 2.3139652628e-07
1.3200884008e+04 9.8999771703e-08 5.0289005020e-08 1.2793163413e-08 7.3211107329e-09 1.6940305087e-07
1.4820207058e+04 7.2171102493e-08 3.7021293992e-08 9.3927008868e-09 5.2073408514e-09 1.2379243822e-07
1.6638168861e+04 5.2572748283e-08 2.7195392767e-08 6.8745330930e-09 3.6768640758e-09 9.0319538219e-08
1.8679135990e+04 3.8281186698e-08 1.9935091267e-08 5.0187824599e-09 2.5786940295e-09 6.5813754455e-08
2.0970464013e+04 2.7872376499e-08 1.4582544032e-08 3.6592501538e-09 1.7981954617e-09 4.7912366146e-08
2.3542864143e+04 2.0297710978e-08 1.0645162357e-08 2.6675405138e-09 1.2480094416e-09 3.4858423290e-08
2.6430814870e+04 1.4788036434e-08 7.7550644251e-09 1.9461756100e-09 8.6290109891e-10 2.5352177568e-08
2.9673024082e+04 1.0780934661e-08 5.6382078658e-09 1.4222497500e-09 5.9496688922e-10 1.8436359166e-08
3.3312947879e+04 7.8660156946e-09 4.0909649117e-09 1.0418553918e-09 4.0950892594e-10 1.3408344924e-08
3.7399373025e+04 5.7422962087e-09 2.9624000369e-09 7.6548082018e-10 2.8168188378e-10 9.7518589496e-09
4.1987070844e+04 4.1915664459e-09 2.1409023830e-09 5.6383293131e-10 1.9386964348e-10 7.0901714037e-09
4.7137531341e+04 3.0576014710e-09 1.5441327608e-09 4.1700319800e-10 1.3368829751e-10 5.1524257273e-09
5.2919787360e+04 2.2278374000e-09 1.1114922926e-09 3.1068139032e-10 9.2494201117e-11 3.7425052840e-09
5.9411339850e+04 1.6207088294e-09 7.9858689522e-10 2.3273650635e-10 6.4288883443e-11 2.7163211144e-09
6.6699196630e+04 1.1767813779e-09 5.7285903979e-10 1.7471589535e-10 4.4945831132e-11 1.9693021442e-09
7.4881038576e+04 8.5255379440e-10 4.1038607761e-10 1.3107488285e-10 3.1643182223e-11 1.4256579371e-09
8.4066528856e+04 6.1611250768e-10 2.9366922075e-10 9.8059287288e-11 2.2457198712e-11 1.0302982144e-09
9.4378782778e+04 4.4401185704e-10 2.0996197279e-10 7.3032060143e-11 1.6079512102e-11 7.4308540207e-10
1.0595601793e+05 3.1903262434e-10 1.5001321441e-10 5.4078082103e-11 1.1621705247e-11 5.3474562610e-10
1.1895340674e+05 2.2869960421e-10 1.0712995995e-10 3.9768608242e-11 8.4809627643e-12 3.8407913517e-10
1.3354515629e+05 1.6377863621e-10 7.6483376120e-11 2.9017043052e-11 6.2481477177e-12 2.7552720310e-10
1.4992684328e+05 1.1731679318e-10 5.4597984013e-11 2.0987119922e-11 4.6451740068e-12 1.9754707112e-10
1.6831803533e+05 8.4157809460e-11 3.8978222875e-11 1.5032914043e-11 3.4810153296e-12 1.4164996171e-10
1.8896523397e+05 6.0525892753e-11 2.7842443318e-11 1.0669126996e-11 2.6220164505e-12 1.0165947952e-10
2.1214517849e+05 4.3685392740e-11 1.9913003116e-11 7.5144558919e-12 1.9791988200e-12 7.3092050568e-11
2.3816855520e+05 3.1671110294e-11 1.4269283380e-11 5.2598455620e-12 1.4936090616e-12 5.2693848298e-11
2.6738416158e+05 2.3080286338e-11 1.0251208164e-11 3.6638526179e-12 1.1248391496e-12 3.8120186269e-11
3.0018358136e+05 1.6916544257e-11 7.3875621189e-12 2.5431218049e-12 8.4422714554e-13 2.7691455326e-11
3.3700643293e+05 1.2474265282e-11 5.3431119710e-12 1.7613762671e-12 6.3081571922e-13 2.0209569239e-11
3.7834626171e+05 9.2513581655e-12 3.8799876480e-12 1.2190457304e-12 4.6890608389e-13 1.4819297628e-11
4.2475715525e+05 6.8953422109e-12 2.8297109432e-12 8.4439213706e-13 3.4653451881e-13 1.0915979810e-11
4.7686116977e+05 5.1610019478e-12 2.0730763372e-12 5.8633542552e-13 2.5448624269e-13 8.0748999533e-12
5.3535666774e+05 3.8763036372e-12 1.5256145201e-12 4.0885188771e-13 1.8571088459e-13 5.9964809295e-12
6.0102767821e+05 2.9193297277e-12 1.1260814190e-12 2.8660738934e-13 1.3486753420e-13 4.4668860702e-12
6.7475440531e+05 2.2030464313e-12 8.3166674964e-13 2.0209830189e-13 9.7644904389e-14 3.3344563872e-12
7.5752502588e+05 1.6648322879e-12 6.1332652976e-13 1.4341565842e-13 7.0591040533e-14 2.4921655166e-12
8.5044893418e+05 1.2591940079e-12 4.5086694392e-13 1.0245645371e-13 5.1029551866e-14 1.8635469574e-12
9.5477161142e+05 9.5278496581e-13 3.2990002817e-13 7.3701626427e-14 3.6933346243e-14 1.3933199666e-12
1.0718913192e+06 7.2088886682e-13 2.3995627058e-13 5.3385886808e-14 2.6793682456e-14 1.0410247067e-12
1.2033778408e+06 5.4455891468e-13 1.7328989363e-13 3.8934446055e-14 1.9502509117e-14 7.7628576347e-13
1.3509935212e+06 4.0993709955e-13 1.2410183328e-13 2.8581199917e-14 1.4254388464e-14 5.7687452121e-13
1.5167168885e+06 3.0709229137e-13 8.8018034549e-14 2.1110050192e-14 1.0468395457e-14 4.2668877157e-13
1.7027691722e+06 2.2867899681e-13 6.1735743015e-14 1.5677258607e-14 7.7218347304e-15 3.1381383316e-13
1.9116440754e+06 1.6913413994e-13 4.2820812156e-14 1.1677601171e-14 5.7054290719e-15 2.2933798234e-13
2.1461411979e+06 1.2416102721e-13 2.9395515360e-14 8.6965796550e-15 4.2101421755e-15 1.6646326440e-13
2.4094035602e+06 9.0406309783e-14 1.9984077431e-14 6.4588456001e-15 3.0950888425e-15 1.1994432166e-13
2.7049597305e+06 6.5233672137e-14 1.3460750054e-14 4.7802423731e-15 2.2669371556e-15 8.5741601720e-14
3.0367711180e+06 4.6612896432e-14 8.9868177787e-15 3.5165839740e-15 1.6491791177e-15 6.0765477303e-14
3.4092850697e+06 3.2956971285e-14 5.9491595248e-15 2.5659153351e-15 1.1885807201e-15 4.2660626865e-14
3.8274944785e+06 2.3066136558e-14 3.9066498285e-15 1.8543262953e-15 8.4713099397e-16 2.9674243676e-14
4.2970047043e+06 1.5996903455e-14 2.5462758820e-15 1.3252271715e-15 5.9586633900e-16 2.0464272847e-14
4.8241087042e+06 1.1002719548e-14 1.6486754824e-15 9.3494139599e-16 4.1259143472e-16 1.3998927861e-14
5.4158713781e+06 7.5108375794e-15 1.0617302128e-15 6.4986372815e-16 2.8062140253e-16 9.5030529229e-15
6.0802242616e+06 5.0920677458e-15 6.8026504820e-16 4.4520352605e-16 1.8749741221e-16 6.4050337322e-15
6.8260718343e+06 3.4309449286e-15 4.3345866733e-16 3.0110700482e-16 1.2310718890e-16 4.2886177896e-15
7.6634108680e+06 2.2992145698e-15 2.7455122976e-16 2.0136345659e-16 7.9418084431e-17 2.8545473406e-15
8.6034644167e+06 1.5338822016e-15 1.7277954296e-16 1.3336675351e-16 5.0312265708e-17 1.8903407638e-15
9.6588322412e+06 1.0198981761e-15 1.0797744693e-16 8.7655776548e-17 3.1275498914e-17 1.2468068985e-15
1.0843659687e+07 6.7682804592e-16 6.6977064696e-17 5.7321383413e-17 1.9060775643e-17 8.2018726967e-16
1.2173827277e+07 4.4866610154e-16 4.1216734490e-17 3.7429871812e-17 1.1383121990e-17 5.3869582984e-16
1.3667163565e+07 2.9726942246e-16 2.5155593930e-17 2.4525558728e-17 6.6660569048e-18 3.5361663202e-16
1.5343684089e+07 1.9701049042e-16 1.5226053945e-17 1.6229651628e-17 3.8419397014e-18 2.3230813569e-16
1.7225859654e+07 1.3072340736e-16 9.1444542880e-18 1.0924046325e-17 2.1923114467e-18 1.5298421942e-16
1.9338917505e+07 8.6942623711e-17 5.4603466552e-18 7.4938948302e-18 1.2415217726e-18 1.0113838697e-16
2.1711179457e+07 5.8037069192e-17 3.2558748447e-18 5.2292112874e-18 6.9894960165e-19 6.7221104925e-17
2.4374441501e+07 3.8943883733e-17 1.9536591955e-18 3.7002148974e-18 3.9227510574e-19 4.4990032932e-17
2.7364399971e+07 2.6313276165e-17 1.1941339559e-18 2.6451321368e-18 2.2037680869e-19 3.0372919066e-17
3.0721129989e+07 1.7934659670e-17 7.5595411560e-19 1.9026819259e-18 1.2458151774e-19 2.0717877230e-17
3.4489622604e+07 1.2350251547e-17 5.0467843976e-19 1.3718028454e-18 7.1265183992e-20 1.4297998016e-17
3.8720387818e+07 8.5922241551e-18 3.5992705098e-19 9.8773425595e-19 4.1416680998e-20 9.9813021430e-18
4.3470131581e+07 6.0331941901e-18 2.7453747446e-19 7.0784676945e-19 2.4440424283e-20 7.0400188583e-18
4.8802515837e+07 4.2700106126e-18 2.2146144152e-19 5.0324669980e-19 1.4519854751e-20 5.0092386087e-18
5.4789011796e+07 3.0415437956e-18 1.8544900884e-19 3.5393089179e-19 8.5786076554e-21 3.5895023039e-18
6.1509857886e+07 2.1770425339e-18 1.5752393355e-19 2.4623339676e-19 5.0242572377e-21 2.5858241214e-18
6.9055135202e+07 1.5634190167e-18 1.3347314239e-19 1.6965071926e-19 2.9152043522e-21 1.8694580827e-18
7.7525974886e+07 1.1247823617e-18 1.1184666506e-19 1.1586717763e-19 1.6747246307e-21 1.3541709290e-18
8.7035913615e+07 8.0952736905e-19 9.2341832569e-20 7.8513286660e-20 9.5195351535e-22 9.8133444180e-19
9.7712415353e+07 5.8209148660e-19 7.5021320263e-20 5.2831356773e-20 5.3502096261e-22 7.1047918460e-19
1.0969857979e+08 4.1774837675e-19 5.9974067001e-20 3.5337882250e-20 2.9702903601e-22 5.1335735504e-19
1.2315506033e+08 2.9935925738e-19 4.7198035299e-20 2.3524205665e-20 1.6264974397e-22 3.7024414809e-19
1.3826221738e+08 2.1439797197e-19 3.6584933359e-20 1.5609277194e-20 8.7603646640e-23 2.6667978617e-19
1.5522253574e+08 1.5359365040e-19 2.7944676657e-20 1.0344510617e-20 4.6211542095e-23 1.9192904922e-19
1.7426333860e+08 1.1015388368e-19 2.1046311329e-20 6.8655410564e-21 2.5496796025e-23 1.3809123286e-19
1.9563983435e+08 7.9140988798e-20 1.5664614039e-20 4.5830132683e-21 1.9098824275e-23 9.9407714930e-20
2.1963853724e+08 5.6996354771e-20 1.1549448267e-20 3.0942364196e-21 2.1285548583e-23 7.1661325006e-20
2.4658110758e+08 4.1169709806e-20 8.4507404620e-21 2.1259775310e-21 2.7409163583e-23 5.1773836963e-20
2.7682866304e+08 2.9840204133e-20 6.1454803681e-21 1.4954230209e-21 3.4300849569e-23 3.7515408371e-20
3.1078661878e+08 2.1711452821e-20 4.4470476699e-21 1.0819100014e-21 4.0115489316e-23 2.7280525981e-20
3.4891012134e+08 1.5857406890e-20 3.2054937867e-21 8.0685445851e-22 4.4000745302e-23 1.9913755880e-20
3.9171014908e+08 1.1607483614e-20 2.3036955533e-21 6.1974706420e-22 4.5761832857e-23 1.4576688064e-20
4.3976036093e+08 8.4993279462e-21 1.6520561371e-21 4.8853846484e-22 4.5587698192e-23 1.0685510246e-20
4.9370478528e+08 6.2151959490e-21 1.1831228146e-21 3.9313536271e-22 4.3835420582e-23 7.8352895469e-21
5.5426645207e+08 4.5324393917e-21 8.4684215892e-22 3.2055294170e-22 4.0578880888e-23 5.7404133732e-21
6.2225708367e+08 3.2923211656e-21 6.0664970573e-22 2.6123786520e-22 3.5880198898e-23 4.1960889355e-21
6.9858797468e+08 2.3796089604e-21 4.3559538161e-22 2.1060220792e-22 3.0297090869e-23 3.0561036408e-21
7.8428220613e+08 1.7096302966e-21 3.1393465548e-22 1.6700826670e-22 2.4481552876e-23 2.2150547716e-21
8.8048835816e+08 1.2196767421e-21 2.2737612337e-22 1.2987450639e-22 1.8953734582e-23 1.5958811064e-21
9.8849590466e+08 8.6305524402e-22 1.6557259854e-22 9.8940493092e-23 1.4090730891e-23 1.1416590665e-21
1.1097524964e+09 6.0515412723e-22 1.2088790739e-22 7.4094580466e-23 1.0095628502e-23 8.1023224358e-22
1.2458833643e+09 4.2076871695e-22 8.8198537247e-23 5.4743322395e-23 6.9725627385e-24 5.7068313933e-22
1.3987131026e+09 2.9043761658e-22 6.4110800466e-23 4.0008050168e-23 4.6233830429e-24 3.9917985025e-22
1.5702901247e+09 1.9922815570e-22 4.6305584513e-23 2.8980155180e-23 2.9148942507e-24 2.7742878964e-22
1.7629141181e+09 1.3596508744e-22 3.3157394719e-23 2.0822953450e-23 1.7274345081e-24 1.9167287012e-22
1.9791668679e+09 9.2383934991e-23 2.3509981168e-23 1.4797221227e-23 9.5339378172e-25 1.3164453117e-22
2.2219468609e+09 6.2352024083e-23 1.6487931568e-23 1.0355243180e-23 4.8236338328e-25 8.9677562214e-23
2.4945081352e+09 4.1647275972e-23 1.1420241842e-23 7.1005220781e-24 2.1835426875e-25 6.0386394161e-23
2.8005038942e+09 2.7399735864e-23 7.7963343742e-24 4.7383746584e-24 8.6653714219e-26 4.0021098611e-23
3.1440354716e+09 1.7637859580e-23 5.2351543996e-24 3.0536791058e-24 2.9671093122e-26 2.5956364178e-23
3.5297073027e+09 1.1023832133e-23 3.4608909359e-24 1.8984892625e-24 8.0781471176e-27 1.6391290478e-23
3.9626886387e+09 6.6827897085e-24 2.2566994013e-24 1.1391867284e-24 1.4198231071e-27 1.0080095661e-23
4.4487828311e+09 3.9372558160e-24 1.4547621813e-24 6.6057306223e-25 8.2120665038e-29 6.0526731802e-24
4.9945051159e+09 2.2683657072e-24 9.3022847580e-25 3.7224534480e-25 0.0000000000e+00 3.5708395278e-24
5.6071699382e+09 1.2991188031e-24 5.9233039775e-25 2.0637445327e-25 0.0000000000e+00 2.0978236542e-24
6.2949889902e+09 7.6056628106e-25 3.7587434304e-25 1.1302332288e-25 0.0000000000e+00 1.2494639470e-24
7.0671812739e+09 4.6152035833e-25 2.3764173666e-25 6.1246403836e-26 0.0000000000e+00 7.6040849882e-25
7.9340966658e+09 2.9134996916e-25 1.4965401711e-25 3.2958098303e-26 0.0000000000e+00 4.7396208457e-25
8.9073546386e+09 1.9033404432e-25 9.3844371060e-26 1.7726479690e-26 0.0000000000e+00 3.0190489507e-25
1.0000000000e+10 1.2684972721e-25 5.8577568950e-26 9.6238554931e-27 0.0000000000e+00 1.9505115166e-25
