# energy, proton, helium, oxygen group, iron group, total
# [units: energy in GeV, flux error in 1/(GeV m2 s sr)]
1.000e+00 1.603e+01 0.000e+00 0.000e+00 0.000e+00 1.603e+01
1.026e+00 2.399e+01 0.000e+00 0.000e+00 0.000e+00 2.399e+01
1.052e+00 3.064e+01 0.000e+00 0.000e+00 0.000e+00 3.064e+01
1.079e+00 3.560e+01 0.000e+00 0.000e+00 0.000e+00 3.560e+01
1.107e+00 3.882e+01 0.000e+00 0.000e+00 0.000e+00 3.882e+01
1.135e+00 4.042e+01 0.000e+00 0.000e+00 0.000e+00 4.042e+01
1.164e+00 4.062e+01 0.000e+00 0.000e+00 0.000e+00 4.062e+01
1.194e+00 3.967e+01 0.000e+00 0.000e+00 0.000e+00 3.967e+01
1.225e+00 3.784e+01 0.000e+00 0.000e+00 0.000e+00 3.784e+01
1.256e+00 3.535e+01 0.000e+00 0.000e+00 0.000e+00 3.535e+01
1.289e+00 3.244e+01 0.000e+00 0.000e+00 0.000e+00 3.244e+01
1.322e+00 2.929e+01 0.000e+00 0.000e+00 0.000e+00 2.929e+01
1.356e+00 2.607e+01 0.000e+00 0.000e+00 0.000e+00 2.607e+01
1.390e+00 2.291e+01 0.000e+00 0.000e+00 0.000e+00 2.291e+01
1.426e+00 1.994e+01 0.000e+00 0.000e+00 0.000e+00 1.994e+01
1.463e+00 1.725e+01 0.000e+00 0.000e+00 0.000e+00 1.725e+01
1.500e+00 1.491e+01 0.000e+00 0.000e+00 0.000e+00 1.491e+01
1.539e+00 1.296e+01 0.000e+00 0.000e+00 0.000e+00 1.296e+01
1.578e+00 1.142e+01 0.000e+00 0.000e+00 0.000e+00 1.142e+01
1.619e+00 1.028e+01 0.000e+00 0.000e+00 0.000e+00 1.028e+01
1.660e+00 9.461e+00 0.000e+00 0.000e+00 0.000e+00 9.461e+00
1.703e+00 8.882e+00 0.000e+00 0.000e+00 0.000e+00 8.882e+00
1.747e+00 8.447e+00 0.000e+00 0.000e+00 0.000e+00 8.447e+00
1.792e+00 8.077e+00 0.000e+00 0.000e+00 0.000e+00 8.077e+00
1.838e+00 7.721e+00 0.000e+00 0.000e+00 0.000e+00 7.721e+00
1.885e+00 7.354e+00 0.000e+00 0.000e+00 0.000e+00 7.354e+00
1.933e+00 6.968e+00 0.000e+00 0.000e+00 0.000e+00 6.968e+00
1.983e+00 6.565e+00 0.000e+00 0.000e+00 0.000e+00 6.565e+00
2.034e+00 6.154e+00 0.000e+00 0.000e+00 0.000e+00 6.154e+00
2.086e+00 5.745e+00 0.000e+00 0.000e+00 0.000e+00 5.745e+00
2.140e+00 5.346e+00 0.000e+00 0.000e+00 0.000e+00 5.346e+00
2.195e+00 4.968e+00 0.000e+00 0.000e+00 0.000e+00 4.968e+00
2.251e+00 4.616e+00 0.000e+00 0.000e+00 0.000e+00 4.616e+00
2.309e+00 4.295e+00 0.000e+00 0.000e+00 0.000e+00 4.295e+00
2.368e+00 4.008e+00 0.000e+00 0.000e+00 0.000e+00 4.008e+00
2.429e+00 3.753e+00 0.000e+00 0.000e+00 0.000e+00 3.753e+00
2.491e+00 3.528e+00 0.000e+00 0.000e+00 0.000e+00 3.528e+00
2.555e+00 3.329e+00 0.000e+00 0.000e+00 0.000e+00 3.329e+00
2.621e+00 3.150e+00 0.000e+00 0.000e+00 0.000e+00 3.150e+00
2.688e+00 2.987e+00 0.000e+00 0.000e+00 0.000e+00 2.987e+00
2.757e+00 2.832e+00 0.000e+00 0.000e+00 0.000e+00 2.832e+00
2.828e+00 2.684e+00 0.000e+00 0.000e+00 0.000e+00 2.684e+00
2.900e+00 2.539e+00 0.000e+00 0.000e+00 0.000e+00 2.539e+00
2.975e+00 2.397e+00 0.000e+00 0.000e+00 0.000e+00 2.397e+00
3.051e+00 2.258e+00 0.000e+00 0.000e+00 0.000e+00 2.258e+00
3.130e+00 2.124e+00 0.000e+00 0.000e+00 0.000e+00 2.124e+00
3.210e+00 1.995e+00 0.000e+00 0.000e+00 0.000e+00 1.995e+00
3.292e+00 1.873e+00 0.000e+00 0.000e+00 0.000e+00 1.873e+00
3.377e+00 1.758e+00 0.000e+00 0.000e+00 0.000e+00 1.758e+00
3.464e+00 1.652e+00 0.000e+00 0.000e+00 0.000e+00 1.652e+00
3.553e+00 1.554e+00 0.000e+00 0.000e+00 0.000e+00 1.554e+00
3.644e+00 1.465e+00 0.000e+00 0.000e+00 0.000e+00 1.465e+00
3.737e+00 1.383e+00 0.000e+00 0.000e+00 0.000e+00 1.383e+00
3.833e+00 1.309e+00 1.755e-02 0.000e+00 0.000e+00 1.309e+00
3.932e+00 1.241e+00 9.822e-02 0.000e+00 0.000e+00 1.246e+00
4.033e+00 1.179e+00 2.570e-01 0.000e+00 0.000e+00 1.209e+00
4.136e+00 1.122e+00 4.601e-01 0.000e+00 0.000e+00 1.216e+00
4.243e+00 1.068e+00 7.214e-01 0.000e+00 0.000e+00 1.294e+00
4.351e+00 1.017e+00 1.046e+00 0.000e+00 0.000e+00 1.465e+00
4.463e+00 9.672e-01 1.271e+00 0.000e+00 0.000e+00 1.605e+00
4.578e+00 9.189e-01 1.270e+00 0.000e+00 0.000e+00 1.576e+00
4.695e+00 8.715e-01 1.240e+00 0.000e+00 0.000e+00 1.525e+00
4.816e+00 8.247e-01 1.240e+00 0.000e+00 0.000e+00 1.498e+00
4.940e+00 7.787e-01 1.224e+00 0.000e+00 0.000e+00 1.460e+00
5.066e+00 7.337e-01 1.182e+00 0.000e+00 0.000e+00 1.399e+00
5.197e+00 6.898e-01 1.115e+00 0.000e+00 0.000e+00 1.318e+00
5.330e+00 6.473e-01 1.031e+00 0.000e+00 0.000e+00 1.225e+00
5.467e+00 6.063e-01 9.400e-01 0.000e+00 0.000e+00 1.126e+00
5.607e+00 5.670e-01 8.471e-01 0.000e+00 0.000e+00 1.026e+00
5.751e+00 5.294e-01 7.576e-01 0.000e+00 0.000e+00 9.306e-01
5.899e+00 4.937e-01 6.749e-01 0.000e+00 0.000e+00 8.423e-01
6.050e+00 4.600e-01 6.011e-01 0.000e+00 0.000e+00 7.627e-01
6.206e+00 4.282e-01 5.369e-01 0.000e+00 0.000e+00 6.922e-01
6.365e+00 3.984e-01 4.821e-01 0.000e+00 0.000e+00 6.306e-01
6.529e+00 3.706e-01 4.358e-01 5.646e-05 0.000e+00 5.769e-01
6.696e+00 3.446e-01 3.964e-01 4.066e-04 0.000e+00 5.298e-01
6.868e+00 3.205e-01 3.627e-01 3.939e-04 0.000e+00 4.883e-01
7.044e+00 2.982e-01 3.334e-01 5.150e-04 0.000e+00 4.513e-01
7.225e+00 2.776e-01 3.077e-01 7.284e-04 0.000e+00 4.181e-01
7.411e+00 2.585e-01 2.847e-01 8.877e-04 0.000e+00 3.880e-01
7.601e+00 2.409e-01 2.641e-01 9.602e-04 0.000e+00 3.607e-01
7.796e+00 2.247e-01 2.454e-01 9.621e-04 0.000e+00 3.357e-01
7.997e+00 2.097e-01 2.282e-01 9.238e-04 0.000e+00 3.128e-01
8.202e+00 1.959e-01 2.125e-01 8.700e-04 0.000e+00 2.916e-01
8.412e+00 1.831e-01 1.979e-01 8.164e-04 0.000e+00 2.720e-01
8.629e+00 1.713e-01 1.844e-01 7.644e-04 0.000e+00 2.539e-01
8.850e+00 1.603e-01 1.718e-01 7.325e-04 0.000e+00 2.371e-01
9.077e+00 1.500e-01 1.602e-01 7.101e-04 0.000e+00 2.214e-01
9.310e+00 1.405e-01 1.493e-01 6.898e-04 0.000e+00 2.068e-01
9.549e+00 1.315e-01 1.392e-01 6.682e-04 0.000e+00 1.932e-01
9.795e+00 1.231e-01 1.298e-01 6.437e-04 0.000e+00 1.805e-01
1.005e+01 1.152e-01 1.211e-01 6.160e-04 0.000e+00 1.686e-01
1.030e+01 1.078e-01 1.130e-01 6.553e-04 0.000e+00 1.575e-01
1.057e+01 1.008e-01 1.054e-01 6.800e-04 0.000e+00 1.472e-01
1.084e+01 9.423e-02 9.837e-02 6.142e-04 0.000e+00 1.375e-01
1.112e+01 8.805e-02 9.185e-02 6.035e-04 0.000e+00 1.284e-01
1.140e+01 8.225e-02 8.580e-02 3.699e-03 0.000e+00 1.200e-01
1.170e+01 7.680e-02 8.017e-02 7.011e-03 0.000e+00 1.123e-01
1.200e+01 7.168e-02 7.495e-02 6.429e-03 0.000e+00 1.049e-01
1.231e+01 6.689e-02 7.011e-02 5.249e-03 0.000e+00 9.794e-02
1.262e+01 6.240e-02 6.560e-02 5.745e-03 0.000e+00 9.157e-02
1.295e+01 5.820e-02 6.142e-02 7.423e-03 0.000e+00 8.573e-02
1.328e+01 5.428e-02 5.752e-02 8.709e-03 0.000e+00 8.032e-02
1.362e+01 5.062e-02 5.389e-02 9.414e-03 0.000e+00 7.525e-02
1.397e+01 4.721e-02 5.051e-02 9.952e-03 0.000e+00 7.053e-02
1.433e+01 4.404e-02 4.735e-02 1.021e-02 0.000e+00 6.611e-02
1.469e+01 4.108e-02 4.440e-02 1.020e-02 0.000e+00 6.196e-02
1.507e+01 3.833e-02 4.164e-02 9.239e-03 0.000e+00 5.794e-02
1.546e+01 3.578e-02 3.906e-02 8.082e-03 0.000e+00 5.415e-02
1.586e+01 3.341e-02 3.663e-02 8.867e-03 0.000e+00 5.091e-02
1.626e+01 3.120e-02 3.435e-02 9.588e-03 0.000e+00 4.790e-02
1.668e+01 2.916e-02 3.220e-02 1.064e-02 0.000e+00 4.521e-02
1.711e+01 2.726e-02 3.018e-02 1.186e-02 0.000e+00 4.283e-02
1.755e+01 2.550e-02 2.828e-02 1.289e-02 0.000e+00 4.064e-02
1.800e+01 2.386e-02 2.649e-02 1.353e-02 0.000e+00 3.855e-02
1.846e+01 2.234e-02 2.479e-02 1.375e-02 0.000e+00 3.649e-02
1.894e+01 2.092e-02 2.319e-02 1.364e-02 0.000e+00 3.446e-02
1.942e+01 1.960e-02 2.168e-02 1.332e-02 1.190e-03 3.251e-02
1.992e+01 1.838e-02 2.025e-02 1.291e-02 1.986e-03 3.066e-02
2.043e+01 1.723e-02 1.890e-02 1.245e-02 2.462e-03 2.890e-02
2.096e+01 1.617e-02 1.763e-02 1.200e-02 2.714e-03 2.723e-02
2.149e+01 1.517e-02 1.643e-02 1.156e-02 2.811e-03 2.565e-02
2.205e+01 1.424e-02 1.530e-02 1.113e-02 2.842e-03 2.415e-02
2.261e+01 1.337e-02 1.425e-02 1.071e-02 2.799e-03 2.274e-02
2.319e+01 1.255e-02 1.326e-02 1.029e-02 3.436e-03 2.150e-02
2.379e+01 1.178e-02 1.233e-02 9.850e-03 4.123e-03 2.037e-02
2.440e+01 1.106e-02 1.146e-02 9.398e-03 4.477e-03 1.926e-02
2.503e+01 1.038e-02 1.065e-02 8.931e-03 4.599e-03 1.817e-02
2.567e+01 9.747e-03 9.893e-03 8.450e-03 4.617e-03 1.710e-02
2.633e+01 9.147e-03 9.188e-03 7.963e-03 4.556e-03 1.607e-02
2.700e+01 8.582e-03 8.530e-03 7.478e-03 5.118e-03 1.529e-02
2.770e+01 8.049e-03 7.918e-03 7.006e-03 5.414e-03 1.451e-02
2.841e+01 7.547e-03 7.349e-03 6.553e-03 5.480e-03 1.371e-02
2.914e+01 7.074e-03 6.821e-03 6.124e-03 5.390e-03 1.291e-02
2.989e+01 6.627e-03 6.330e-03 5.721e-03 5.211e-03 1.212e-02
3.065e+01 6.206e-03 5.874e-03 5.344e-03 5.036e-03 1.139e-02
3.144e+01 5.809e-03 5.452e-03 4.993e-03 4.823e-03 1.068e-02
3.225e+01 5.435e-03 5.061e-03 4.667e-03 4.567e-03 9.991e-03
3.308e+01 5.083e-03 4.698e-03 4.364e-03 4.290e-03 9.333e-03
3.393e+01 4.752e-03 4.362e-03 4.083e-03 4.012e-03 8.712e-03
3.480e+01 4.441e-03 4.051e-03 3.822e-03 3.737e-03 8.125e-03
3.569e+01 4.150e-03 3.762e-03 3.578e-03 3.468e-03 7.573e-03
3.661e+01 3.876e-03 3.495e-03 3.351e-03 3.210e-03 7.055e-03
3.755e+01 3.620e-03 3.248e-03 3.139e-03 2.976e-03 6.575e-03
3.851e+01 3.381e-03 3.019e-03 2.940e-03 2.806e-03 6.149e-03
3.950e+01 3.157e-03 2.807e-03 2.755e-03 2.631e-03 5.745e-03
4.051e+01 2.947e-03 2.611e-03 2.581e-03 2.456e-03 5.363e-03
4.155e+01 2.752e-03 2.428e-03 2.419e-03 2.286e-03 5.004e-03
4.262e+01 2.570e-03 2.259e-03 2.268e-03 2.125e-03 4.669e-03
4.372e+01 2.400e-03 2.102e-03 2.126e-03 1.976e-03 4.356e-03
4.484e+01 2.241e-03 1.957e-03 1.994e-03 1.835e-03 4.065e-03
4.599e+01 2.093e-03 1.822e-03 1.872e-03 1.716e-03 3.799e-03
4.717e+01 1.955e-03 1.696e-03 1.758e-03 1.602e-03 3.550e-03
4.838e+01 1.827e-03 1.579e-03 1.651e-03 1.497e-03 3.319e-03
4.962e+01 1.707e-03 1.470e-03 1.553e-03 1.411e-03 3.109e-03
5.090e+01 1.595e-03 1.369e-03 1.461e-03 1.330e-03 2.914e-03
5.221e+01 1.491e-03 1.275e-03 1.375e-03 1.255e-03 2.732e-03
5.355e+01 1.394e-03 1.187e-03 1.296e-03 1.392e-03 2.664e-03
5.492e+01 1.304e-03 1.106e-03 1.221e-03 1.497e-03 2.601e-03
5.633e+01 1.220e-03 1.029e-03 1.152e-03 1.546e-03 2.522e-03
5.778e+01 1.141e-03 9.583e-04 1.086e-03 1.544e-03 2.422e-03
5.926e+01 1.067e-03 8.920e-04 1.025e-03 1.507e-03 2.308e-03
6.078e+01 9.986e-04 8.302e-04 9.673e-04 1.447e-03 2.186e-03
6.234e+01 9.344e-04 7.726e-04 9.128e-04 1.376e-03 2.062e-03
6.394e+01 8.744e-04 7.189e-04 8.613e-04 1.298e-03 1.938e-03
6.559e+01 8.184e-04 6.688e-04 8.126e-04 1.219e-03 1.818e-03
6.727e+01 7.659e-04 6.222e-04 7.665e-04 1.142e-03 1.703e-03
6.900e+01 7.168e-04 5.788e-04 7.228e-04 1.067e-03 1.594e-03
7.077e+01 6.708e-04 5.385e-04 6.813e-04 9.961e-04 1.491e-03
7.259e+01 6.277e-04 5.010e-04 6.418e-04 9.295e-04 1.395e-03
7.445e+01 5.873e-04 4.661e-04 6.044e-04 8.675e-04 1.304e-03
7.636e+01 5.495e-04 4.338e-04 5.688e-04 8.098e-04 1.220e-03
7.832e+01 5.141e-04 4.038e-04 5.350e-04 7.565e-04 1.141e-03
8.034e+01 4.808e-04 3.759e-04 5.029e-04 7.071e-04 1.068e-03
8.240e+01 4.496e-04 3.501e-04 4.726e-04 6.616e-04 9.991e-04
8.451e+01 4.204e-04 3.261e-04 4.438e-04 6.195e-04 9.353e-04
8.668e+01 3.930e-04 3.039e-04 4.166e-04 5.807e-04 8.758e-04
8.891e+01 3.673e-04 2.833e-04 3.910e-04 5.447e-04 8.204e-04
9.119e+01 3.432e-04 2.642e-04 3.668e-04 5.115e-04 7.688e-04
9.353e+01 3.206e-04 2.465e-04 3.440e-04 4.806e-04 7.206e-04
9.594e+01 2.994e-04 2.301e-04 3.226e-04 4.520e-04 6.757e-04
9.840e+01 2.796e-04 2.149e-04 3.024e-04 4.253e-04 6.337e-04
1.009e+02 2.610e-04 2.008e-04 2.835e-04 4.005e-04 5.946e-04
1.035e+02 2.436e-04 1.877e-04 2.658e-04 3.774e-04 5.580e-04
1.062e+02 2.274e-04 1.755e-04 2.491e-04 3.557e-04 5.238e-04
1.089e+02 2.122e-04 1.642e-04 2.335e-04 3.355e-04 4.919e-04
1.117e+02 1.980e-04 1.537e-04 2.189e-04 3.165e-04 4.620e-04
1.146e+02 1.848e-04 1.439e-04 2.052e-04 2.988e-04 4.341e-04
1.175e+02 1.725e-04 1.347e-04 1.924e-04 2.821e-04 4.079e-04
1.205e+02 1.610e-04 1.262e-04 1.804e-04 2.664e-04 3.834e-04
1.236e+02 1.503e-04 1.183e-04 1.692e-04 2.516e-04 3.605e-04
1.268e+02 1.403e-04 1.109e-04 1.587e-04 2.377e-04 3.391e-04
1.301e+02 1.311e-04 1.040e-04 1.489e-04 2.246e-04 3.189e-04
1.334e+02 1.225e-04 9.747e-05 1.396e-04 2.123e-04 3.001e-04
1.368e+02 1.145e-04 9.140e-05 1.310e-04 2.006e-04 2.824e-04
1.403e+02 1.070e-04 8.572e-05 1.229e-04 1.897e-04 2.658e-04
1.439e+02 1.001e-04 8.039e-05 1.153e-04 1.793e-04 2.502e-04
1.476e+02 9.368e-05 7.539e-05 1.082e-04 1.695e-04 2.355e-04
1.514e+02 8.770e-05 7.071e-05 1.015e-04 1.603e-04 2.218e-04
1.553e+02 8.214e-05 6.631e-05 9.529e-05 1.516e-04 2.089e-04
1.593e+02 7.696e-05 6.217e-05 8.941e-05 1.433e-04 1.967e-04
1.634e+02 7.215e-05 5.829e-05 8.390e-05 1.356e-04 1.853e-04
1.676e+02 6.766e-05 5.464e-05 7.871e-05 1.282e-04 1.746e-04
1.719e+02 6.348e-05 5.122e-05 7.384e-05 1.213e-04 1.645e-04
1.763e+02 5.959e-05 4.800e-05 6.927e-05 1.147e-04 1.550e-04
1.808e+02 5.596e-05 4.497e-05 6.497e-05 1.085e-04 1.461e-04
1.855e+02 5.257e-05 4.213e-05 6.092e-05 1.026e-04 1.377e-04
1.902e+02 4.941e-05 3.945e-05 5.712e-05 9.709e-05 1.298e-04
1.951e+02 4.645e-05 3.695e-05 5.355e-05 9.185e-05 1.223e-04
2.001e+02 4.369e-05 3.459e-05 5.019e-05 8.689e-05 1.153e-04
2.053e+02 4.110e-05 3.238e-05 4.703e-05 8.220e-05 1.087e-04
2.105e+02 3.868e-05 3.030e-05 4.406e-05 7.777e-05 1.024e-04
2.159e+02 3.641e-05 2.836e-05 4.127e-05 7.357e-05 9.655e-05
2.215e+02 3.429e-05 2.654e-05 3.866e-05 6.960e-05 9.102e-05
2.272e+02 3.229e-05 2.484e-05 3.620e-05 6.585e-05 8.581e-05
2.330e+02 3.042e-05 2.325e-05 3.389e-05 6.230e-05 8.091e-05
2.390e+02 2.866e-05 2.176e-05 3.173e-05 5.894e-05 7.629e-05
2.451e+02 2.701e-05 2.037e-05 2.970e-05 5.576e-05 7.193e-05
2.514e+02 2.545e-05 1.908e-05 2.779e-05 5.275e-05 6.783e-05
2.579e+02 2.399e-05 1.787e-05 2.601e-05 4.990e-05 6.396e-05
2.645e+02 2.262e-05 1.674e-05 2.434e-05 4.720e-05 6.032e-05
2.713e+02 2.132e-05 1.569e-05 2.278e-05 4.465e-05 5.688e-05
2.783e+02 2.010e-05 1.471e-05 2.132e-05 4.223e-05 5.365e-05
2.854e+02 1.895e-05 1.379e-05 1.995e-05 3.994e-05 5.059e-05
2.927e+02 1.787e-05 1.293e-05 1.867e-05 3.776e-05 4.772e-05
3.002e+02 1.685e-05 1.214e-05 1.748e-05 3.571e-05 4.500e-05
3.080e+02 1.589e-05 1.139e-05 1.636e-05 3.376e-05 4.244e-05
3.159e+02 1.499e-05 1.070e-05 1.532e-05 3.191e-05 4.003e-05
3.240e+02 1.414e-05 1.005e-05 1.434e-05 3.016e-05 3.775e-05
3.323e+02 1.334e-05 9.442e-06 1.343e-05 2.850e-05 3.560e-05
3.408e+02 1.258e-05 8.875e-06 1.258e-05 2.692e-05 3.357e-05
3.496e+02 1.187e-05 8.344e-06 1.179e-05 2.543e-05 3.166e-05
3.586e+02 1.119e-05 7.848e-06 1.104e-05 2.402e-05 2.985e-05
3.678e+02 1.056e-05 7.383e-06 1.035e-05 2.268e-05 2.815e-05
3.772e+02 9.963e-06 6.947e-06 9.698e-06 2.141e-05 2.654e-05
3.869e+02 9.401e-06 6.539e-06 9.091e-06 2.020e-05 2.502e-05
3.968e+02 8.871e-06 6.156e-06 8.522e-06 1.907e-05 2.358e-05
4.070e+02 8.372e-06 5.797e-06 7.989e-06 1.799e-05 2.223e-05
4.175e+02 7.902e-06 5.460e-06 7.490e-06 1.697e-05 2.095e-05
4.282e+02 7.460e-06 5.143e-06 7.023e-06 1.600e-05 1.974e-05
4.392e+02 7.043e-06 4.845e-06 6.585e-06 1.509e-05 1.861e-05
4.505e+02 6.651e-06 4.565e-06 6.175e-06 1.422e-05 1.753e-05
4.620e+02 6.282e-06 4.302e-06 5.790e-06 1.341e-05 1.652e-05
4.739e+02 5.934e-06 4.054e-06 5.429e-06 1.263e-05 1.556e-05
4.861e+02 5.607e-06 3.821e-06 5.090e-06 1.190e-05 1.466e-05
4.985e+02 5.298e-06 3.601e-06 4.772e-06 1.121e-05 1.381e-05
5.113e+02 5.008e-06 3.395e-06 4.474e-06 1.056e-05 1.301e-05
5.245e+02 4.736e-06 3.200e-06 4.193e-06 9.947e-06 1.225e-05
5.379e+02 4.479e-06 3.016e-06 3.930e-06 9.367e-06 1.154e-05
5.517e+02 4.237e-06 2.843e-06 3.683e-06 8.819e-06 1.087e-05
5.659e+02 4.009e-06 2.680e-06 3.450e-06 8.302e-06 1.023e-05
5.804e+02 3.795e-06 2.527e-06 3.232e-06 7.814e-06 9.638e-06
5.954e+02 3.593e-06 2.382e-06 3.027e-06 7.354e-06 9.076e-06
6.106e+02 3.403e-06 2.246e-06 2.835e-06 6.920e-06 8.546e-06
6.263e+02 3.224e-06 2.117e-06 2.654e-06 6.511e-06 8.047e-06
6.424e+02 3.055e-06 1.996e-06 2.485e-06 6.125e-06 7.577e-06
6.589e+02 2.896e-06 1.881e-06 2.325e-06 5.762e-06 7.134e-06
6.758e+02 2.747e-06 1.774e-06 2.176e-06 5.419e-06 6.717e-06
6.932e+02 2.605e-06 1.672e-06 2.036e-06 5.097e-06 6.324e-06
7.110e+02 2.472e-06 1.577e-06 1.905e-06 4.793e-06 5.955e-06
7.292e+02 2.347e-06 1.487e-06 1.782e-06 4.506e-06 5.607e-06
7.480e+02 2.228e-06 1.402e-06 1.666e-06 4.236e-06 5.279e-06
7.672e+02 2.116e-06 1.322e-06 1.559e-06 3.982e-06 4.971e-06
7.869e+02 2.011e-06 1.247e-06 1.458e-06 3.743e-06 4.681e-06
8.071e+02 1.911e-06 1.176e-06 1.363e-06 3.518e-06 4.408e-06
8.278e+02 1.816e-06 1.110e-06 1.275e-06 3.306e-06 4.151e-06
8.490e+02 1.727e-06 1.047e-06 1.192e-06 3.107e-06 3.909e-06
8.708e+02 1.642e-06 9.880e-07 1.115e-06 2.919e-06 3.682e-06
8.932e+02 1.562e-06 9.325e-07 1.043e-06 2.742e-06 3.468e-06
9.161e+02 1.487e-06 8.803e-07 9.756e-07 2.576e-06 3.267e-06
9.397e+02 1.415e-06 8.312e-07 9.129e-07 2.419e-06 3.077e-06
9.638e+02 1.347e-06 7.850e-07 8.544e-07 2.272e-06 2.899e-06
9.885e+02 1.282e-06 7.415e-07 7.998e-07 2.133e-06 2.731e-06
1.014e+03 1.221e-06 7.006e-07 7.489e-07 2.002e-06 2.573e-06
1.040e+03 1.163e-06 6.622e-07 7.015e-07 1.879e-06 2.425e-06
1.067e+03 1.108e-06 6.260e-07 6.572e-07 1.764e-06 2.285e-06
1.094e+03 1.055e-06 5.920e-07 6.159e-07 1.655e-06 2.153e-06
1.122e+03 1.004e-06 5.600e-07 5.774e-07 1.553e-06 2.028e-06
1.151e+03 9.561e-07 5.299e-07 5.415e-07 1.457e-06 1.911e-06
1.181e+03 9.099e-07 5.016e-07 5.080e-07 1.366e-06 1.801e-06
1.211e+03 8.657e-07 4.750e-07 4.767e-07 1.281e-06 1.697e-06
1.242e+03 8.233e-07 4.499e-07 4.475e-07 1.201e-06 1.599e-06
1.274e+03 7.827e-07 4.263e-07 4.202e-07 1.126e-06 1.506e-06
1.307e+03 7.437e-07 4.040e-07 3.946e-07 1.055e-06 1.419e-06
1.340e+03 7.062e-07 3.831e-07 3.708e-07 9.887e-07 1.336e-06
1.374e+03 6.703e-07 3.634e-07 3.485e-07 9.263e-07 1.258e-06
1.410e+03 6.358e-07 3.448e-07 3.276e-07 8.677e-07 1.185e-06
1.446e+03 6.027e-07 3.272e-07 3.080e-07 8.127e-07 1.116e-06
1.483e+03 5.709e-07 3.107e-07 2.897e-07 7.611e-07 1.050e-06
1.521e+03 5.405e-07 2.951e-07 2.725e-07 7.127e-07 9.885e-07
1.560e+03 5.113e-07 2.803e-07 2.565e-07 6.673e-07 9.302e-07
1.600e+03 4.834e-07 2.664e-07 2.414e-07 6.247e-07 8.753e-07
1.641e+03 4.567e-07 2.533e-07 2.272e-07 5.847e-07 8.234e-07
1.684e+03 4.311e-07 2.408e-07 2.139e-07 5.473e-07 7.746e-07
1.727e+03 4.067e-07 2.291e-07 2.014e-07 5.123e-07 7.284e-07
1.771e+03 3.834e-07 2.179e-07 1.897e-07 4.794e-07 6.850e-07
1.817e+03 3.612e-07 2.074e-07 1.786e-07 4.487e-07 6.440e-07
1.863e+03 3.400e-07 1.974e-07 1.683e-07 4.199e-07 6.054e-07
1.911e+03 3.198e-07 1.879e-07 1.585e-07 3.930e-07 5.690e-07
1.960e+03 3.006e-07 1.789e-07 1.493e-07 3.677e-07 5.348e-07
2.010e+03 2.824e-07 1.704e-07 1.407e-07 3.441e-07 5.025e-07
2.062e+03 2.652e-07 1.623e-07 1.326e-07 3.221e-07 4.722e-07
2.115e+03 2.488e-07 1.546e-07 1.249e-07 3.014e-07 4.436e-07
2.169e+03 2.333e-07 1.473e-07 1.177e-07 2.821e-07 4.167e-07
2.225e+03 2.186e-07 1.403e-07 1.110e-07 2.641e-07 3.914e-07
2.282e+03 2.048e-07 1.336e-07 1.046e-07 2.472e-07 3.677e-07
2.341e+03 1.917e-07 1.272e-07 9.860e-08 2.315e-07 3.453e-07
2.401e+03 1.794e-07 1.210e-07 9.294e-08 2.167e-07 3.243e-07
2.463e+03 1.678e-07 1.152e-07 8.762e-08 2.029e-07 3.046e-07
2.526e+03 1.569e-07 1.095e-07 8.261e-08 1.901e-07 2.860e-07
2.591e+03 1.467e-07 1.041e-07 7.789e-08 1.780e-07 2.686e-07
2.657e+03 1.371e-07 9.894e-08 7.345e-08 1.668e-07 2.522e-07
2.725e+03 1.282e-07 9.396e-08 6.926e-08 1.563e-07 2.369e-07
2.795e+03 1.198e-07 8.918e-08 6.532e-08 1.465e-07 2.225e-07
2.867e+03 1.120e-07 8.460e-08 6.161e-08 1.373e-07 2.090e-07
2.941e+03 1.047e-07 8.020e-08 5.812e-08 1.287e-07 1.963e-07
3.016e+03 9.793e-08 7.598e-08 5.483e-08 1.207e-07 1.844e-07
3.094e+03 9.164e-08 7.195e-08 5.174e-08 1.132e-07 1.733e-07
3.173e+03 8.580e-08 6.808e-08 4.883e-08 1.062e-07 1.629e-07
3.255e+03 8.039e-08 6.438e-08 4.608e-08 9.964e-08 1.531e-07
3.338e+03 7.539e-08 6.084e-08 4.350e-08 9.351e-08 1.439e-07
3.424e+03 7.077e-08 5.746e-08 4.107e-08 8.777e-08 1.354e-07
3.512e+03 6.651e-08 5.423e-08 3.879e-08 8.239e-08 1.274e-07
3.602e+03 6.257e-08 5.116e-08 3.663e-08 7.736e-08 1.198e-07
3.695e+03 5.894e-08 4.822e-08 3.461e-08 7.264e-08 1.128e-07
3.789e+03 5.557e-08 4.543e-08 3.270e-08 6.823e-08 1.062e-07
3.887e+03 5.246e-08 4.278e-08 3.091e-08 6.409e-08 1.000e-07
3.987e+03 4.957e-08 4.026e-08 2.922e-08 6.021e-08 9.425e-08
4.089e+03 4.688e-08 3.787e-08 2.763e-08 5.657e-08 8.881e-08
4.194e+03 4.437e-08 3.561e-08 2.613e-08 5.316e-08 8.371e-08
4.302e+03 4.202e-08 3.347e-08 2.472e-08 4.996e-08 7.892e-08
4.412e+03 3.982e-08 3.144e-08 2.339e-08 4.695e-08 7.441e-08
4.525e+03 3.775e-08 2.953e-08 2.214e-08 4.414e-08 7.017e-08
4.642e+03 3.580e-08 2.773e-08 2.096e-08 4.149e-08 6.618e-08
4.761e+03 3.396e-08 2.603e-08 1.985e-08 3.901e-08 6.243e-08
4.883e+03 3.221e-08 2.443e-08 1.880e-08 3.668e-08 5.889e-08
5.008e+03 3.054e-08 2.293e-08 1.782e-08 3.449e-08 5.556e-08
5.137e+03 2.896e-08 2.152e-08 1.688e-08 3.244e-08 5.241e-08
5.269e+03 2.745e-08 2.020e-08 1.601e-08 3.051e-08 4.945e-08
5.404e+03 2.600e-08 1.897e-08 1.518e-08 2.869e-08 4.665e-08
5.543e+03 2.463e-08 1.782e-08 1.440e-08 2.699e-08 4.401e-08
5.685e+03 2.331e-08 1.674e-08 1.366e-08 2.539e-08 4.152e-08
5.831e+03 2.204e-08 1.574e-08 1.296e-08 2.389e-08 3.917e-08
5.981e+03 2.083e-08 1.480e-08 1.230e-08 2.248e-08 3.695e-08
6.135e+03 1.968e-08 1.394e-08 1.168e-08 2.116e-08 3.485e-08
6.292e+03 1.857e-08 1.313e-08 1.109e-08 1.991e-08 3.288e-08
6.454e+03 1.751e-08 1.238e-08 1.053e-08 1.875e-08 3.101e-08
6.619e+03 1.650e-08 1.169e-08 1.001e-08 1.765e-08 2.925e-08
6.789e+03 1.553e-08 1.105e-08 9.509e-09 1.662e-08 2.759e-08
6.964e+03 1.461e-08 1.045e-08 9.036e-09 1.565e-08 2.602e-08
7.143e+03 1.372e-08 9.900e-09 8.588e-09 1.474e-08 2.454e-08
7.326e+03 1.289e-08 9.387e-09 8.163e-09 1.389e-08 2.314e-08
7.514e+03 1.209e-08 8.908e-09 7.760e-09 1.309e-08 2.183e-08
7.707e+03 1.133e-08 8.462e-09 7.378e-09 1.234e-08 2.059e-08
7.905e+03 1.061e-08 8.045e-09 7.015e-09 1.163e-08 1.942e-08
8.108e+03 9.923e-09 7.653e-09 6.670e-09 1.097e-08 1.832e-08
8.316e+03 9.276e-09 7.284e-09 6.342e-09 1.035e-08 1.728e-08
8.530e+03 8.665e-09 6.936e-09 6.031e-09 9.763e-09 1.629e-08
8.749e+03 8.089e-09 6.607e-09 5.734e-09 9.215e-09 1.537e-08
8.973e+03 7.546e-09 6.294e-09 5.452e-09 8.700e-09 1.450e-08
9.204e+03 7.036e-09 5.997e-09 5.184e-09 8.216e-09 1.368e-08
9.440e+03 6.557e-09 5.713e-09 4.928e-09 7.762e-09 1.290e-08
9.682e+03 6.109e-09 5.442e-09 4.685e-09 7.335e-09 1.218e-08
9.931e+03 5.690e-09 5.183e-09 4.453e-09 6.934e-09 1.149e-08
1.019e+04 5.300e-09 4.934e-09 4.232e-09 6.558e-09 1.084e-08
1.045e+04 4.937e-09 4.696e-09 4.021e-09 6.204e-09 1.023e-08
1.072e+04 4.601e-09 4.466e-09 3.821e-09 5.871e-09 9.660e-09
1.099e+04 4.290e-09 4.246e-09 3.629e-09 5.558e-09 9.121e-09
1.127e+04 4.003e-09 4.034e-09 3.447e-09 5.263e-09 8.614e-09
1.156e+04 3.740e-09 3.831e-09 3.273e-09 4.986e-09 8.137e-09
1.186e+04 3.497e-09 3.635e-09 3.108e-09 4.725e-09 7.688e-09
1.216e+04 3.274e-09 3.447e-09 2.950e-09 4.480e-09 7.266e-09
1.248e+04 3.069e-09 3.267e-09 2.799e-09 4.248e-09 6.869e-09
1.280e+04 2.881e-09 3.093e-09 2.656e-09 4.030e-09 6.494e-09
1.313e+04 2.709e-09 2.927e-09 2.520e-09 3.824e-09 6.141e-09
1.346e+04 2.549e-09 2.767e-09 2.390e-09 3.630e-09 5.808e-09
1.381e+04 2.402e-09 2.615e-09 2.266e-09 3.446e-09 5.494e-09
1.416e+04 2.267e-09 2.468e-09 2.149e-09 3.273e-09 5.198e-09
1.453e+04 2.141e-09 2.329e-09 2.037e-09 3.109e-09 4.918e-09
1.490e+04 2.023e-09 2.195e-09 1.930e-09 2.953e-09 4.653e-09
1.528e+04 1.914e-09 2.068e-09 1.829e-09 2.806e-09 4.402e-09
1.567e+04 1.812e-09 1.947e-09 1.733e-09 2.667e-09 4.165e-09
1.608e+04 1.716e-09 1.831e-09 1.642e-09 2.535e-09 3.940e-09
1.649e+04 1.625e-09 1.722e-09 1.555e-09 2.410e-09 3.728e-09
1.691e+04 1.540e-09 1.617e-09 1.472e-09 2.291e-09 3.526e-09
1.735e+04 1.459e-09 1.519e-09 1.394e-09 2.178e-09 3.335e-09
1.779e+04 1.382e-09 1.425e-09 1.320e-09 2.071e-09 3.153e-09
1.825e+04 1.308e-09 1.337e-09 1.249e-09 1.969e-09 2.981e-09
1.872e+04 1.239e-09 1.253e-09 1.182e-09 1.872e-09 2.818e-09
1.920e+04 1.172e-09 1.174e-09 1.119e-09 1.780e-09 2.663e-09
1.969e+04 1.109e-09 1.100e-09 1.059e-09 1.692e-09 2.516e-09
2.020e+04 1.048e-09 1.030e-09 1.002e-09 1.608e-09 2.377e-09
2.072e+04 9.900e-10 9.643e-10 9.483e-10 1.529e-09 2.245e-09
2.125e+04 9.346e-10 9.027e-10 8.973e-10 1.453e-09 2.119e-09
2.179e+04 8.816e-10 8.451e-10 8.490e-10 1.381e-09 2.000e-09
2.235e+04 8.310e-10 7.913e-10 8.033e-10 1.312e-09 1.888e-09
2.293e+04 7.827e-10 7.411e-10 7.600e-10 1.246e-09 1.781e-09
2.352e+04 7.366e-10 6.943e-10 7.191e-10 1.184e-09 1.680e-09
2.412e+04 6.927e-10 6.506e-10 6.804e-10 1.124e-09 1.584e-09
2.474e+04 6.508e-10 6.101e-10 6.438e-10 1.067e-09 1.494e-09
2.537e+04 6.111e-10 5.723e-10 6.091e-10 1.013e-09 1.408e-09
2.603e+04 5.733e-10 5.372e-10 5.764e-10 9.619e-10 1.327e-09
2.669e+04 5.375e-10 5.046e-10 5.455e-10 9.128e-10 1.251e-09
2.738e+04 5.036e-10 4.743e-10 5.162e-10 8.661e-10 1.178e-09
2.808e+04 4.716e-10 4.461e-10 4.886e-10 8.215e-10 1.110e-09
2.880e+04 4.413e-10 4.198e-10 4.625e-10 7.790e-10 1.045e-09
2.954e+04 4.129e-10 3.954e-10 4.378e-10 7.386e-10 9.844e-10
3.030e+04 3.861e-10 3.726e-10 4.145e-10 7.000e-10 9.269e-10
3.108e+04 3.610e-10 3.514e-10 3.924e-10 6.633e-10 8.727e-10
3.188e+04 3.375e-10 3.316e-10 3.716e-10 6.283e-10 8.215e-10
3.270e+04 3.156e-10 3.131e-10 3.519e-10 5.950e-10 7.732e-10
3.354e+04 2.952e-10 2.957e-10 3.334e-10 5.632e-10 7.278e-10
3.440e+04 2.762e-10 2.795e-10 3.158e-10 5.330e-10 6.849e-10
3.528e+04 2.587e-10 2.643e-10 2.992e-10 5.043e-10 6.446e-10
3.619e+04 2.424e-10 2.500e-10 2.835e-10 4.770e-10 6.067e-10
3.712e+04 2.274e-10 2.365e-10 2.687e-10 4.509e-10 5.710e-10
3.807e+04 2.136e-10 2.239e-10 2.547e-10 4.262e-10 5.374e-10
3.905e+04 2.009e-10 2.119e-10 2.414e-10 4.027e-10 5.058e-10
4.005e+04 1.891e-10 2.007e-10 2.289e-10 3.804e-10 4.760e-10
4.108e+04 1.782e-10 1.900e-10 2.170e-10 3.591e-10 4.481e-10
4.213e+04 1.682e-10 1.799e-10 2.058e-10 3.390e-10 4.218e-10
4.322e+04 1.589e-10 1.704e-10 1.952e-10 3.199e-10 3.970e-10
4.432e+04 1.503e-10 1.614e-10 1.852e-10 3.017e-10 3.737e-10
4.546e+04 1.423e-10 1.528e-10 1.757e-10 2.845e-10 3.518e-10
4.663e+04 1.348e-10 1.447e-10 1.667e-10 2.682e-10 3.311e-10
4.783e+04 1.278e-10 1.370e-10 1.582e-10 2.527e-10 3.117e-10
4.906e+04 1.212e-10 1.297e-10 1.501e-10 2.381e-10 2.934e-10
5.032e+04 1.151e-10 1.227e-10 1.425e-10 2.242e-10 2.762e-10
5.161e+04 1.093e-10 1.161e-10 1.353e-10 2.111e-10 2.599e-10
5.293e+04 1.037e-10 1.098e-10 1.284e-10 1.987e-10 2.446e-10
5.429e+04 9.853e-11 1.039e-10 1.219e-10 1.869e-10 2.302e-10
5.569e+04 9.356e-11 9.821e-11 1.158e-10 1.758e-10 2.166e-10
5.712e+04 8.884e-11 9.283e-11 1.099e-10 1.653e-10 2.038e-10
5.858e+04 8.433e-11 8.773e-11 1.044e-10 1.554e-10 1.917e-10
6.009e+04 8.002e-11 8.288e-11 9.916e-11 1.460e-10 1.803e-10
6.163e+04 7.589e-11 7.827e-11 9.418e-11 1.371e-10 1.695e-10
6.321e+04 7.195e-11 7.390e-11 8.945e-11 1.288e-10 1.594e-10
6.484e+04 6.817e-11 6.975e-11 8.496e-11 1.209e-10 1.498e-10
6.650e+04 6.454e-11 6.582e-11 8.070e-11 1.135e-10 1.408e-10
6.821e+04 6.107e-11 6.209e-11 7.666e-11 1.065e-10 1.323e-10
6.996e+04 5.775e-11 5.855e-11 7.281e-11 9.990e-11 1.243e-10
7.176e+04 5.456e-11 5.520e-11 6.916e-11 9.369e-11 1.167e-10
7.360e+04 5.151e-11 5.203e-11 6.569e-11 8.785e-11 1.096e-10
7.549e+04 4.859e-11 4.903e-11 6.239e-11 8.234e-11 1.029e-10
7.743e+04 4.579e-11 4.618e-11 5.925e-11 7.716e-11 9.655e-11
7.941e+04 4.312e-11 4.349e-11 5.626e-11 7.229e-11 9.058e-11
8.145e+04 4.057e-11 4.095e-11 5.343e-11 6.771e-11 8.496e-11
8.355e+04 3.814e-11 3.855e-11 5.073e-11 6.341e-11 7.966e-11
8.569e+04 3.583e-11 3.628e-11 4.816e-11 5.937e-11 7.468e-11
8.789e+04 3.362e-11 3.414e-11 4.571e-11 5.557e-11 6.998e-11
9.015e+04 3.152e-11 3.212e-11 4.339e-11 5.201e-11 6.557e-11
9.246e+04 2.953e-11 3.021e-11 4.117e-11 4.866e-11 6.141e-11
9.484e+04 2.764e-11 2.842e-11 3.906e-11 4.552e-11 5.750e-11
9.727e+04 2.585e-11 2.672e-11 3.705e-11 4.258e-11 5.383e-11
9.977e+04 2.416e-11 2.513e-11 3.514e-11 3.982e-11 5.038e-11
1.023e+05 2.256e-11 2.363e-11 3.332e-11 3.723e-11 4.714e-11
1.050e+05 2.105e-11 2.222e-11 3.159e-11 3.480e-11 4.409e-11
1.077e+05 1.963e-11 2.089e-11 2.994e-11 3.253e-11 4.124e-11
1.104e+05 1.830e-11 1.964e-11 2.837e-11 3.040e-11 3.856e-11
1.133e+05 1.706e-11 1.846e-11 2.687e-11 2.841e-11 3.605e-11
1.162e+05 1.589e-11 1.736e-11 2.545e-11 2.655e-11 3.370e-11
1.191e+05 1.481e-11 1.632e-11 2.409e-11 2.481e-11 3.150e-11
1.222e+05 1.379e-11 1.535e-11 2.281e-11 2.317e-11 2.944e-11
1.253e+05 1.285e-11 1.444e-11 2.158e-11 2.165e-11 2.752e-11
1.286e+05 1.197e-11 1.358e-11 2.042e-11 2.022e-11 2.571e-11
1.319e+05 1.115e-11 1.278e-11 1.931e-11 1.889e-11 2.403e-11
1.352e+05 1.039e-11 1.203e-11 1.826e-11 1.765e-11 2.245e-11
1.387e+05 9.690e-12 1.132e-11 1.726e-11 1.648e-11 2.098e-11
1.423e+05 9.037e-12 1.066e-11 1.631e-11 1.540e-11 1.960e-11
1.459e+05 8.430e-12 1.004e-11 1.541e-11 1.438e-11 1.832e-11
1.497e+05 7.868e-12 9.454e-12 1.455e-11 1.344e-11 1.712e-11
1.535e+05 7.346e-12 8.909e-12 1.374e-11 1.255e-11 1.600e-11
1.575e+05 6.861e-12 8.398e-12 1.297e-11 1.173e-11 1.495e-11
1.615e+05 6.411e-12 7.920e-12 1.224e-11 1.096e-11 1.397e-11
1.657e+05 5.993e-12 7.471e-12 1.155e-11 1.024e-11 1.306e-11
1.699e+05 5.604e-12 7.051e-12 1.089e-11 9.570e-12 1.220e-11
1.743e+05 5.242e-12 6.657e-12 1.027e-11 8.945e-12 1.141e-11
1.788e+05 4.905e-12 6.288e-12 9.677e-12 8.361e-12 1.066e-11
1.833e+05 4.591e-12 5.942e-12 9.119e-12 7.817e-12 9.970e-12
1.881e+05 4.298e-12 5.617e-12 8.591e-12 7.310e-12 9.322e-12
1.929e+05 4.025e-12 5.312e-12 8.092e-12 6.836e-12 8.716e-12
1.978e+05 3.769e-12 5.026e-12 7.619e-12 6.395e-12 8.151e-12
2.029e+05 3.530e-12 4.758e-12 7.172e-12 5.983e-12 7.623e-12
2.081e+05 3.306e-12 4.506e-12 6.750e-12 5.598e-12 7.129e-12
2.135e+05 3.096e-12 4.268e-12 6.350e-12 5.239e-12 6.669e-12
2.189e+05 2.899e-12 4.045e-12 5.973e-12 4.905e-12 6.238e-12
2.246e+05 2.714e-12 3.834e-12 5.617e-12 4.592e-12 5.836e-12
2.303e+05 2.541e-12 3.635e-12 5.281e-12 4.300e-12 5.461e-12
2.363e+05 2.378e-12 3.448e-12 4.964e-12 4.028e-12 5.110e-12
2.423e+05 2.224e-12 3.270e-12 4.664e-12 3.774e-12 4.782e-12
2.485e+05 2.080e-12 3.101e-12 4.382e-12 3.536e-12 4.475e-12
2.549e+05 1.945e-12 2.942e-12 4.116e-12 3.314e-12 4.189e-12
2.615e+05 1.817e-12 2.790e-12 3.865e-12 3.107e-12 3.920e-12
2.682e+05 1.697e-12 2.646e-12 3.628e-12 2.913e-12 3.670e-12
2.751e+05 1.585e-12 2.509e-12 3.405e-12 2.731e-12 3.435e-12
2.821e+05 1.479e-12 2.379e-12 3.196e-12 2.562e-12 3.216e-12
2.894e+05 1.379e-12 2.255e-12 2.998e-12 2.403e-12 3.010e-12
2.968e+05 1.285e-12 2.137e-12 2.812e-12 2.255e-12 2.818e-12
3.044e+05 1.197e-12 2.024e-12 2.637e-12 2.116e-12 2.638e-12
3.122e+05 1.114e-12 1.917e-12 2.473e-12 1.986e-12 2.469e-12
3.203e+05 1.036e-12 1.815e-12 2.318e-12 1.864e-12 2.312e-12
3.285e+05 9.636e-13 1.717e-12 2.172e-12 1.750e-12 2.164e-12
3.369e+05 8.954e-13 1.624e-12 2.036e-12 1.643e-12 2.025e-12
3.456e+05 8.316e-13 1.536e-12 1.907e-12 1.543e-12 1.896e-12
3.544e+05 7.721e-13 1.451e-12 1.786e-12 1.449e-12 1.774e-12
3.635e+05 7.166e-13 1.371e-12 1.673e-12 1.360e-12 1.661e-12
3.729e+05 6.650e-13 1.295e-12 1.567e-12 1.277e-12 1.554e-12
3.825e+05 6.169e-13 1.222e-12 1.467e-12 1.200e-12 1.454e-12
3.923e+05 5.723e-13 1.152e-12 1.373e-12 1.127e-12 1.361e-12
4.024e+05 5.308e-13 1.087e-12 1.285e-12 1.058e-12 1.274e-12
4.127e+05 4.924e-13 1.024e-12 1.203e-12 9.938e-13 1.192e-12
4.233e+05 4.568e-13 9.643e-13 1.125e-12 9.333e-13 1.115e-12
4.341e+05 4.238e-13 9.078e-13 1.053e-12 8.765e-13 1.043e-12
4.453e+05 3.933e-13 8.541e-13 9.846e-13 8.231e-13 9.760e-13
4.567e+05 3.651e-13 8.032e-13 9.209e-13 7.729e-13 9.130e-13
4.685e+05 3.390e-13 7.549e-13 8.612e-13 7.257e-13 8.540e-13
4.805e+05 3.148e-13 7.092e-13 8.053e-13 6.813e-13 7.987e-13
4.928e+05 2.925e-13 6.659e-13 7.529e-13 6.396e-13 7.469e-13
5.055e+05 2.719e-13 6.249e-13 7.039e-13 6.004e-13 6.984e-13
5.185e+05 2.529e-13 5.862e-13 6.580e-13 5.635e-13 6.530e-13
5.318e+05 2.352e-13 5.497e-13 6.150e-13 5.288e-13 6.104e-13
5.454e+05 2.190e-13 5.151e-13 5.748e-13 4.962e-13 5.705e-13
5.594e+05 2.039e-13 4.826e-13 5.372e-13 4.656e-13 5.332e-13
5.738e+05 1.899e-13 4.519e-13 5.020e-13 4.367e-13 4.982e-13
5.885e+05 1.770e-13 4.230e-13 4.691e-13 4.096e-13 4.655e-13
6.036e+05 1.651e-13 3.958e-13 4.384e-13 3.841e-13 4.348e-13
6.191e+05 1.540e-13 3.702e-13 4.096e-13 3.602e-13 4.061e-13
6.350e+05 1.437e-13 3.461e-13 3.827e-13 3.377e-13 3.793e-13
6.513e+05 1.342e-13 3.235e-13 3.576e-13 3.165e-13 3.541e-13
6.681e+05 1.253e-13 3.024e-13 3.341e-13 2.966e-13 3.306e-13
6.852e+05 1.171e-13 2.825e-13 3.122e-13 2.779e-13 3.086e-13
7.028e+05 1.094e-13 2.640e-13 2.917e-13 2.603e-13 2.881e-13
7.209e+05 1.023e-13 2.466e-13 2.725e-13 2.438e-13 2.689e-13
7.394e+05 9.565e-14 2.304e-13 2.546e-13 2.283e-13 2.509e-13
7.584e+05 8.946e-14 2.153e-13 2.379e-13 2.137e-13 2.342e-13
7.778e+05 8.370e-14 2.011e-13 2.223e-13 2.000e-13 2.186e-13
7.978e+05 7.832e-14 1.879e-13 2.077e-13 1.872e-13 2.040e-13
8.183e+05 7.330e-14 1.756e-13 1.941e-13 1.751e-13 1.904e-13
8.393e+05 6.861e-14 1.641e-13 1.814e-13 1.638e-13 1.777e-13
8.609e+05 6.424e-14 1.534e-13 1.695e-13 1.532e-13 1.658e-13
8.830e+05 6.015e-14 1.435e-13 1.584e-13 1.433e-13 1.547e-13
9.056e+05 5.634e-14 1.341e-13 1.481e-13 1.339e-13 1.444e-13
9.289e+05 5.278e-14 1.255e-13 1.384e-13 1.251e-13 1.348e-13
9.528e+05 4.946e-14 1.174e-13 1.294e-13 1.169e-13 1.258e-13
9.772e+05 4.635e-14 1.098e-13 1.210e-13 1.092e-13 1.174e-13
1.002e+06 4.346e-14 1.028e-13 1.131e-13 1.020e-13 1.096e-13
1.028e+06 4.075e-14 9.617e-14 1.057e-13 9.524e-14 1.023e-13
1.054e+06 3.823e-14 9.002e-14 9.885e-14 8.890e-14 9.551e-14
1.082e+06 3.588e-14 8.428e-14 9.243e-14 8.297e-14 8.916e-14
1.109e+06 3.369e-14 7.891e-14 8.642e-14 7.742e-14 8.324e-14
1.138e+06 3.164e-14 7.388e-14 8.081e-14 7.222e-14 7.771e-14
1.167e+06 2.973e-14 6.918e-14 7.557e-14 6.735e-14 7.255e-14
1.197e+06 2.795e-14 6.478e-14 7.066e-14 6.280e-14 6.773e-14
1.228e+06 2.629e-14 6.067e-14 6.608e-14 5.854e-14 6.323e-14
1.259e+06 2.473e-14 5.681e-14 6.179e-14 5.456e-14 5.904e-14
1.292e+06 2.328e-14 5.319e-14 5.779e-14 5.084e-14 5.512e-14
1.325e+06 2.192e-14 4.980e-14 5.404e-14 4.736e-14 5.146e-14
1.359e+06 2.065e-14 4.663e-14 5.053e-14 4.411e-14 4.804e-14
1.394e+06 1.946e-14 4.365e-14 4.725e-14 4.108e-14 4.485e-14
1.429e+06 1.834e-14 4.085e-14 4.418e-14 3.824e-14 4.187e-14
1.466e+06 1.729e-14 3.823e-14 4.131e-14 3.560e-14 3.909e-14
1.504e+06 1.630e-14 3.577e-14 3.862e-14 3.313e-14 3.649e-14
1.542e+06 1.537e-14 3.346e-14 3.611e-14 3.083e-14 3.406e-14
1.582e+06 1.450e-14 3.129e-14 3.376e-14 2.868e-14 3.180e-14
1.623e+06 1.367e-14 2.926e-14 3.156e-14 2.668e-14 2.968e-14
1.664e+06 1.289e-14 2.735e-14 2.949e-14 2.481e-14 2.770e-14
1.707e+06 1.216e-14 2.555e-14 2.757e-14 2.307e-14 2.585e-14
1.751e+06 1.147e-14 2.387e-14 2.576e-14 2.145e-14 2.412e-14
1.796e+06 1.081e-14 2.230e-14 2.407e-14 1.994e-14 2.250e-14
1.842e+06 1.019e-14 2.082e-14 2.249e-14 1.853e-14 2.099e-14
1.889e+06 9.606e-15 1.943e-14 2.101e-14 1.722e-14 1.958e-14
1.938e+06 9.050e-15 1.813e-14 1.962e-14 1.600e-14 1.827e-14
1.987e+06 8.524e-15 1.691e-14 1.833e-14 1.487e-14 1.704e-14
2.038e+06 8.026e-15 1.577e-14 1.711e-14 1.381e-14 1.589e-14
2.091e+06 7.554e-15 1.470e-14 1.598e-14 1.283e-14 1.482e-14
2.145e+06 7.106e-15 1.371e-14 1.491e-14 1.192e-14 1.382e-14
2.200e+06 6.683e-15 1.277e-14 1.392e-14 1.107e-14 1.288e-14
2.256e+06 6.281e-15 1.190e-14 1.299e-14 1.028e-14 1.201e-14
2.314e+06 5.901e-15 1.109e-14 1.212e-14 9.543e-15 1.120e-14
2.373e+06 5.540e-15 1.033e-14 1.130e-14 8.861e-15 1.044e-14
2.434e+06 5.199e-15 9.616e-15 1.054e-14 8.227e-15 9.736e-15
2.497e+06 4.877e-15 8.954e-15 9.828e-15 7.637e-15 9.077e-15
2.561e+06 4.571e-15 8.338e-15 9.162e-15 7.090e-15 8.462e-15
2.627e+06 4.283e-15 7.763e-15 8.539e-15 6.581e-15 7.888e-15
2.694e+06 4.010e-15 7.227e-15 7.956e-15 6.109e-15 7.354e-15
2.763e+06 3.752e-15 6.729e-15 7.412e-15 5.670e-15 6.855e-15
2.834e+06 3.508e-15 6.264e-15 6.903e-15 5.263e-15 6.390e-15
2.907e+06 3.279e-15 5.831e-15 6.428e-15 4.885e-15 5.957e-15
2.982e+06 3.062e-15 5.428e-15 5.984e-15 4.534e-15 5.552e-15
3.058e+06 2.859e-15 5.052e-15 5.569e-15 4.208e-15 5.175e-15
3.137e+06 2.667e-15 4.703e-15 5.182e-15 3.906e-15 4.823e-15
3.217e+06 2.486e-15 4.377e-15 4.820e-15 3.626e-15 4.495e-15
3.300e+06 2.316e-15 4.074e-15 4.483e-15 3.366e-15 4.189e-15
3.385e+06 2.157e-15 3.791e-15 4.168e-15 3.124e-15 3.903e-15
3.472e+06 2.008e-15 3.528e-15 3.874e-15 2.900e-15 3.636e-15
3.561e+06 1.868e-15 3.283e-15 3.599e-15 2.692e-15 3.388e-15
3.652e+06 1.738e-15 3.054e-15 3.344e-15 2.499e-15 3.156e-15
3.746e+06 1.616e-15 2.841e-15 3.105e-15 2.320e-15 2.940e-15
3.842e+06 1.502e-15 2.643e-15 2.883e-15 2.154e-15 2.738e-15
3.941e+06 1.396e-15 2.458e-15 2.676e-15 2.000e-15 2.550e-15
4.042e+06 1.297e-15 2.285e-15 2.483e-15 1.857e-15 2.375e-15
4.146e+06 1.205e-15 2.124e-15 2.304e-15 1.725e-15 2.211e-15
4.252e+06 1.120e-15 1.974e-15 2.136e-15 1.601e-15 2.058e-15
4.362e+06 1.040e-15 1.834e-15 1.981e-15 1.487e-15 1.916e-15
4.474e+06 9.659e-16 1.704e-15 1.836e-15 1.381e-15 1.783e-15
4.588e+06 8.972e-16 1.582e-15 1.701e-15 1.283e-15 1.659e-15
4.706e+06 8.333e-16 1.468e-15 1.576e-15 1.191e-15 1.544e-15
4.827e+06 7.740e-16 1.362e-15 1.459e-15 1.107e-15 1.436e-15
4.951e+06 7.190e-16 1.264e-15 1.351e-15 1.028e-15 1.335e-15
5.078e+06 6.679e-16 1.171e-15 1.250e-15 9.548e-16 1.242e-15
5.209e+06 6.204e-16 1.085e-15 1.157e-15 8.869e-16 1.154e-15
5.342e+06 5.764e-16 1.005e-15 1.070e-15 8.239e-16 1.073e-15
5.479e+06 5.355e-16 9.306e-16 9.895e-16 7.654e-16 9.967e-16
5.620e+06 4.975e-16 8.610e-16 9.148e-16 7.110e-16 9.258e-16
5.764e+06 4.622e-16 7.961e-16 8.456e-16 6.605e-16 8.598e-16
5.913e+06 4.295e-16 7.357e-16 7.814e-16 6.137e-16 7.982e-16
6.064e+06 3.991e-16 6.794e-16 7.219e-16 5.701e-16 7.409e-16
6.220e+06 3.708e-16 6.271e-16 6.668e-16 5.297e-16 6.874e-16
6.380e+06 3.445e-16 5.784e-16 6.157e-16 4.921e-16 6.376e-16
6.544e+06 3.201e-16 5.331e-16 5.685e-16 4.571e-16 5.913e-16
6.712e+06 2.974e-16 4.911e-16 5.249e-16 4.247e-16 5.482e-16
6.884e+06 2.763e-16 4.522e-16 4.845e-16 3.946e-16 5.081e-16
7.061e+06 2.567e-16 4.161e-16 4.472e-16 3.666e-16 4.708e-16
7.242e+06 2.384e-16 3.828e-16 4.128e-16 3.405e-16 4.361e-16
7.428e+06 2.214e-16 3.520e-16 3.810e-16 3.163e-16 4.040e-16
7.619e+06 2.056e-16 3.236e-16 3.516e-16 2.939e-16 3.741e-16
7.814e+06 1.908e-16 2.974e-16 3.246e-16 2.730e-16 3.464e-16
8.015e+06 1.771e-16 2.733e-16 2.996e-16 2.536e-16 3.207e-16
8.221e+06 1.643e-16 2.511e-16 2.767e-16 2.356e-16 2.969e-16
8.432e+06 1.525e-16 2.307e-16 2.555e-16 2.188e-16 2.748e-16
8.648e+06 1.414e-16 2.120e-16 2.360e-16 2.032e-16 2.543e-16
8.870e+06 1.311e-16 1.948e-16 2.180e-16 1.888e-16 2.353e-16
9.098e+06 1.215e-16 1.791e-16 2.015e-16 1.753e-16 2.178e-16
9.332e+06 1.126e-16 1.647e-16 1.863e-16 1.629e-16 2.015e-16
9.572e+06 1.043e-16 1.514e-16 1.724e-16 1.513e-16 1.864e-16
9.817e+06 9.658e-17 1.393e-16 1.595e-16 1.405e-16 1.725e-16
1.007e+07 8.942e-17 1.283e-16 1.477e-16 1.305e-16 1.595e-16
1.033e+07 8.276e-17 1.181e-16 1.368e-16 1.212e-16 1.476e-16
1.059e+07 7.658e-17 1.089e-16 1.268e-16 1.126e-16 1.365e-16
1.087e+07 7.086e-17 1.004e-16 1.176e-16 1.046e-16 1.263e-16
1.114e+07 6.556e-17 9.261e-17 1.091e-16 9.713e-17 1.168e-16
1.143e+07 6.066e-17 8.549e-17 1.012e-16 9.022e-17 1.081e-16
1.172e+07 5.613e-17 7.897e-17 9.400e-17 8.382e-17 1.000e-16
1.202e+07 5.195e-17 7.300e-17 8.733e-17 7.787e-17 9.251e-17
1.233e+07 4.809e-17 6.751e-17 8.117e-17 7.236e-17 8.560e-17
1.265e+07 4.454e-17 6.247e-17 7.548e-17 6.724e-17 7.921e-17
1.298e+07 4.126e-17 5.784e-17 7.021e-17 6.249e-17 7.330e-17
1.331e+07 3.824e-17 5.358e-17 6.534e-17 5.809e-17 6.784e-17
1.365e+07 3.545e-17 4.966e-17 6.082e-17 5.400e-17 6.279e-17
1.400e+07 3.289e-17 4.604e-17 5.662e-17 5.021e-17 5.813e-17
1.436e+07 3.053e-17 4.269e-17 5.273e-17 4.670e-17 5.382e-17
1.473e+07 2.835e-17 3.960e-17 4.912e-17 4.344e-17 4.983e-17
1.511e+07 2.635e-17 3.674e-17 4.576e-17 4.042e-17 4.615e-17
1.549e+07 2.450e-17 3.409e-17 4.263e-17 3.761e-17 4.275e-17
1.589e+07 2.279e-17 3.163e-17 3.971e-17 3.502e-17 3.960e-17
1.630e+07 2.122e-17 2.934e-17 3.700e-17 3.260e-17 3.668e-17
1.672e+07 1.977e-17 2.722e-17 3.447e-17 3.037e-17 3.399e-17
1.715e+07 1.842e-17 2.525e-17 3.211e-17 2.829e-17 3.150e-17
1.759e+07 1.718e-17 2.341e-17 2.991e-17 2.636e-17 2.919e-17
1.804e+07 1.602e-17 2.170e-17 2.785e-17 2.458e-17 2.706e-17
1.850e+07 1.495e-17 2.010e-17 2.593e-17 2.292e-17 2.509e-17
1.898e+07 1.396e-17 1.861e-17 2.414e-17 2.137e-17 2.326e-17
1.947e+07 1.303e-17 1.723e-17 2.247e-17 1.994e-17 2.157e-17
1.997e+07 1.217e-17 1.594e-17 2.090e-17 1.861e-17 2.000e-17
2.048e+07 1.137e-17 1.473e-17 1.944e-17 1.737e-17 1.855e-17
2.100e+07 1.062e-17 1.361e-17 1.808e-17 1.622e-17 1.721e-17
2.154e+07 9.920e-18 1.257e-17 1.681e-17 1.515e-17 1.597e-17
2.210e+07 9.266e-18 1.160e-17 1.562e-17 1.415e-17 1.482e-17
2.266e+07 8.654e-18 1.071e-17 1.452e-17 1.322e-17 1.376e-17
2.325e+07 8.081e-18 9.878e-18 1.349e-17 1.235e-17 1.277e-17
2.384e+07 7.544e-18 9.111e-18 1.253e-17 1.154e-17 1.186e-17
2.446e+07 7.041e-18 8.402e-18 1.164e-17 1.079e-17 1.101e-17
2.508e+07 6.569e-18 7.747e-18 1.080e-17 1.009e-17 1.023e-17
2.573e+07 6.126e-18 7.145e-18 1.003e-17 9.431e-18 9.507e-18
2.639e+07 5.710e-18 6.590e-18 9.312e-18 8.819e-18 8.835e-18
2.707e+07 5.320e-18 6.079e-18 8.645e-18 8.246e-18 8.212e-18
2.776e+07 4.954e-18 5.610e-18 8.026e-18 7.711e-18 7.635e-18
2.847e+07 4.610e-18 5.179e-18 7.452e-18 7.211e-18 7.099e-18
2.921e+07 4.288e-18 4.784e-18 6.920e-18 6.742e-18 6.603e-18
2.996e+07 3.986e-18 4.421e-18 6.427e-18 6.304e-18 6.141e-18
3.072e+07 3.703e-18 4.089e-18 5.970e-18 5.893e-18 5.713e-18
3.151e+07 3.438e-18 3.784e-18 5.548e-18 5.508e-18 5.315e-18
3.232e+07 3.190e-18 3.505e-18 5.156e-18 5.147e-18 4.946e-18
3.315e+07 2.958e-18 3.248e-18 4.794e-18 4.809e-18 4.602e-18
3.400e+07 2.742e-18 3.013e-18 4.459e-18 4.492e-18 4.283e-18
3.488e+07 2.540e-18 2.797e-18 4.148e-18 4.195e-18 3.985e-18
3.577e+07 2.353e-18 2.598e-18 3.861e-18 3.916e-18 3.709e-18
3.669e+07 2.179e-18 2.416e-18 3.594e-18 3.654e-18 3.452e-18
3.763e+07 2.017e-18 2.247e-18 3.347e-18 3.409e-18 3.212e-18
3.860e+07 1.867e-18 2.092e-18 3.118e-18 3.179e-18 2.990e-18
3.959e+07 1.729e-18 1.949e-18 2.906e-18 2.963e-18 2.782e-18
4.061e+07 1.601e-18 1.817e-18 2.708e-18 2.761e-18 2.589e-18
4.165e+07 1.482e-18 1.694e-18 2.525e-18 2.572e-18 2.409e-18
4.272e+07 1.373e-18 1.581e-18 2.355e-18 2.395e-18 2.242e-18
4.382e+07 1.272e-18 1.475e-18 2.196e-18 2.229e-18 2.086e-18
4.494e+07 1.179e-18 1.377e-18 2.048e-18 2.074e-18 1.940e-18
4.610e+07 1.094e-18 1.285e-18 1.911e-18 1.928e-18 1.805e-18
4.728e+07 1.015e-18 1.200e-18 1.783e-18 1.793e-18 1.679e-18
4.849e+07 9.420e-19 1.120e-18 1.663e-18 1.666e-18 1.561e-18
4.974e+07 8.750e-19 1.045e-18 1.551e-18 1.548e-18 1.452e-18
5.102e+07 8.131e-19 9.757e-19 1.447e-18 1.438e-18 1.350e-18
5.233e+07 7.561e-19 9.103e-19 1.349e-18 1.335e-18 1.255e-18
5.367e+07 7.034e-19 8.490e-19 1.258e-18 1.239e-18 1.166e-18
5.505e+07 6.548e-19 7.916e-19 1.173e-18 1.150e-18 1.084e-18
5.646e+07 6.099e-19 7.377e-19 1.093e-18 1.067e-18 1.007e-18
5.791e+07 5.683e-19 6.872e-19 1.019e-18 9.897e-19 9.358e-19
5.940e+07 5.298e-19 6.399e-19 9.489e-19 9.179e-19 8.692e-19
6.092e+07 4.940e-19 5.954e-19 8.836e-19 8.512e-19 8.072e-19
6.249e+07 4.609e-19 5.538e-19 8.225e-19 7.893e-19 7.495e-19
6.409e+07 4.301e-19 5.149e-19 7.654e-19 7.318e-19 6.957e-19
6.574e+07 4.014e-19 4.784e-19 7.119e-19 6.784e-19 6.457e-19
6.743e+07 3.747e-19 4.444e-19 6.620e-19 6.290e-19 5.991e-19
6.916e+07 3.498e-19 4.126e-19 6.154e-19 5.831e-19 5.558e-19
7.093e+07 3.265e-19 3.831e-19 5.718e-19 5.406e-19 5.156e-19
7.275e+07 3.048e-19 3.556e-19 5.312e-19 5.013e-19 4.782e-19
7.462e+07 2.844e-19 3.302e-19 4.933e-19 4.648e-19 4.434e-19
7.654e+07 2.654e-19 3.066e-19 4.581e-19 4.311e-19 4.111e-19
7.850e+07 2.475e-19 2.847e-19 4.252e-19 3.998e-19 3.811e-19
8.052e+07 2.308e-19 2.645e-19 3.947e-19 3.709e-19 3.532e-19
8.259e+07 2.151e-19 2.458e-19 3.663e-19 3.442e-19 3.273e-19
8.471e+07 2.003e-19 2.286e-19 3.399e-19 3.195e-19 3.033e-19
8.688e+07 1.865e-19 2.126e-19 3.155e-19 2.966e-19 2.810e-19
8.911e+07 1.735e-19 1.979e-19 2.928e-19 2.754e-19 2.603e-19
9.140e+07 1.613e-19 1.843e-19 2.718e-19 2.559e-19 2.412e-19
9.375e+07 1.499e-19 1.718e-19 2.524e-19 2.378e-19 2.234e-19
9.616e+07 1.392e-19 1.602e-19 2.344e-19 2.210e-19 2.069e-19
9.863e+07 1.291e-19 1.495e-19 2.177e-19 2.055e-19 1.916e-19
1.012e+08 1.197e-19 1.396e-19 2.024e-19 1.911e-19 1.774e-19
1.038e+08 1.108e-19 1.304e-19 1.881e-19 1.778e-19 1.643e-19
1.064e+08 1.025e-19 1.219e-19 1.750e-19 1.654e-19 1.521e-19
1.092e+08 9.483e-20 1.140e-19 1.628e-19 1.539e-19 1.409e-19
1.120e+08 8.764e-20 1.066e-19 1.516e-19 1.432e-19 1.304e-19
1.148e+08 8.094e-20 9.975e-20 1.412e-19 1.333e-19 1.207e-19
1.178e+08 7.472e-20 9.336e-20 1.315e-19 1.241e-19 1.118e-19
1.208e+08 6.894e-20 8.740e-20 1.226e-19 1.155e-19 1.035e-19
1.239e+08 6.359e-20 8.183e-20 1.143e-19 1.075e-19 9.582e-20
1.271e+08 5.864e-20 7.661e-20 1.066e-19 1.000e-19 8.871e-20
1.304e+08 5.406e-20 7.171e-20 9.941e-20 9.307e-20 8.213e-20
1.337e+08 4.983e-20 6.712e-20 9.276e-20 8.659e-20 7.603e-20
1.371e+08 4.593e-20 6.280e-20 8.656e-20 8.054e-20 7.039e-20
1.407e+08 4.234e-20 5.874e-20 8.078e-20 7.490e-20 6.517e-20
1.443e+08 3.903e-20 5.492e-20 7.539e-20 6.963e-20 6.033e-20
1.480e+08 3.599e-20 5.132e-20 7.036e-20 6.471e-20 5.585e-20
1.518e+08 3.319e-20 4.793e-20 6.566e-20 6.012e-20 5.170e-20
1.557e+08 3.062e-20 4.473e-20 6.126e-20 5.584e-20 4.786e-20
1.597e+08 2.826e-20 4.172e-20 5.714e-20 5.185e-20 4.430e-20
1.638e+08 2.610e-20 3.887e-20 5.328e-20 4.813e-20 4.101e-20
1.680e+08 2.411e-20 3.620e-20 4.966e-20 4.466e-20 3.795e-20
1.723e+08 2.228e-20 3.367e-20 4.627e-20 4.142e-20 3.512e-20
1.767e+08 2.061e-20 3.129e-20 4.309e-20 3.840e-20 3.250e-20
1.812e+08 1.907e-20 2.905e-20 4.010e-20 3.560e-20 3.007e-20
1.859e+08 1.766e-20 2.694e-20 3.730e-20 3.298e-20 2.782e-20
1.907e+08 1.636e-20 2.496e-20 3.467e-20 3.055e-20 2.573e-20
1.956e+08 1.517e-20 2.310e-20 3.220e-20 2.829e-20 2.379e-20
2.006e+08 1.407e-20 2.135e-20 2.988e-20 2.619e-20 2.200e-20
2.057e+08 1.306e-20 1.971e-20 2.771e-20 2.423e-20 2.033e-20
2.110e+08 1.213e-20 1.818e-20 2.567e-20 2.242e-20 1.879e-20
2.164e+08 1.127e-20 1.675e-20 2.377e-20 2.073e-20 1.737e-20
2.220e+08 1.047e-20 1.542e-20 2.198e-20 1.917e-20 1.604e-20
2.277e+08 9.739e-21 1.419e-20 2.032e-20 1.772e-20 1.482e-20
2.335e+08 9.060e-21 1.305e-20 1.876e-20 1.638e-20 1.369e-20
2.395e+08 8.430e-21 1.199e-20 1.731e-20 1.514e-20 1.264e-20
2.457e+08 7.846e-21 1.102e-20 1.595e-20 1.399e-20 1.167e-20
2.520e+08 7.304e-21 1.013e-20 1.469e-20 1.293e-20 1.078e-20
2.585e+08 6.800e-21 9.305e-21 1.352e-20 1.194e-20 9.950e-21
2.651e+08 6.331e-21 8.553e-21 1.243e-20 1.104e-20 9.184e-21
2.719e+08 5.895e-21 7.864e-21 1.142e-20 1.020e-20 8.478e-21
2.789e+08 5.489e-21 7.235e-21 1.048e-20 9.425e-21 7.825e-21
2.861e+08 5.110e-21 6.662e-21 9.622e-21 8.713e-21 7.222e-21
2.934e+08 4.757e-21 6.139e-21 8.826e-21 8.056e-21 6.665e-21
3.009e+08 4.428e-21 5.664e-21 8.094e-21 7.452e-21 6.150e-21
3.087e+08 4.122e-21 5.231e-21 7.421e-21 6.895e-21 5.676e-21
3.166e+08 3.836e-21 4.837e-21 6.804e-21 6.382e-21 5.237e-21
3.247e+08 3.570e-21 4.480e-21 6.237e-21 5.910e-21 4.832e-21
3.331e+08 3.322e-21 4.154e-21 5.719e-21 5.475e-21 4.458e-21
3.416e+08 3.091e-21 3.858e-21 5.246e-21 5.075e-21 4.112e-21
3.504e+08 2.877e-21 3.588e-21 4.813e-21 4.705e-21 3.794e-21
3.594e+08 2.679e-21 3.342e-21 4.419e-21 4.364e-21 3.499e-21
3.686e+08 2.495e-21 3.117e-21 4.059e-21 4.050e-21 3.227e-21
3.781e+08 2.324e-21 2.910e-21 3.731e-21 3.759e-21 2.976e-21
3.878e+08 2.166e-21 2.721e-21 3.433e-21 3.490e-21 2.745e-21
3.977e+08 2.020e-21 2.546e-21 3.161e-21 3.242e-21 2.531e-21
4.080e+08 1.885e-21 2.385e-21 2.913e-21 3.011e-21 2.333e-21
4.184e+08 1.760e-21 2.235e-21 2.688e-21 2.797e-21 2.151e-21
4.292e+08 1.644e-21 2.096e-21 2.483e-21 2.599e-21 1.983e-21
4.402e+08 1.536e-21 1.966e-21 2.295e-21 2.415e-21 1.828e-21
4.515e+08 1.437e-21 1.845e-21 2.124e-21 2.244e-21 1.685e-21
4.631e+08 1.344e-21 1.732e-21 1.968e-21 2.085e-21 1.552e-21
4.750e+08 1.258e-21 1.625e-21 1.824e-21 1.937e-21 1.430e-21
4.872e+08 1.178e-21 1.525e-21 1.693e-21 1.799e-21 1.318e-21
4.997e+08 1.104e-21 1.430e-21 1.572e-21 1.670e-21 1.214e-21
5.125e+08 1.035e-21 1.341e-21 1.461e-21 1.551e-21 1.118e-21
5.257e+08 9.704e-22 1.257e-21 1.359e-21 1.439e-21 1.030e-21
5.392e+08 9.102e-22 1.177e-21 1.264e-21 1.335e-21 9.486e-22
5.530e+08 8.538e-22 1.102e-21 1.176e-21 1.238e-21 8.735e-22
5.672e+08 8.010e-22 1.030e-21 1.094e-21 1.148e-21 8.041e-22
5.818e+08 7.515e-22 9.629e-22 1.018e-21 1.063e-21 7.402e-22
5.967e+08 7.051e-22 8.991e-22 9.472e-22 9.847e-22 6.813e-22
6.120e+08 6.615e-22 8.387e-22 8.811e-22 9.114e-22 6.269e-22
6.278e+08 6.205e-22 7.817e-22 8.193e-22 8.430e-22 5.768e-22
6.439e+08 5.820e-22 7.278e-22 7.615e-22 7.792e-22 5.306e-22
6.604e+08 5.458e-22 6.771e-22 7.074e-22 7.197e-22 4.881e-22
6.774e+08 5.116e-22 6.294e-22 6.568e-22 6.644e-22 4.490e-22
6.948e+08 4.795e-22 5.847e-22 6.094e-22 6.128e-22 4.130e-22
7.126e+08 4.492e-22 5.428e-22 5.651e-22 5.647e-22 3.798e-22
7.309e+08 4.207e-22 5.038e-22 5.235e-22 5.200e-22 3.494e-22
7.497e+08 3.938e-22 4.673e-22 4.847e-22 4.784e-22 3.214e-22
7.689e+08 3.686e-22 4.334e-22 4.483e-22 4.397e-22 2.957e-22
7.887e+08 3.448e-22 4.019e-22 4.144e-22 4.037e-22 2.720e-22
8.089e+08 3.224e-22 3.726e-22 3.826e-22 3.704e-22 2.503e-22
8.297e+08 3.014e-22 3.455e-22 3.530e-22 3.393e-22 2.303e-22
8.510e+08 2.817e-22 3.203e-22 3.255e-22 3.106e-22 2.119e-22
8.729e+08 2.632e-22 2.971e-22 2.999e-22 2.840e-22 1.950e-22
8.953e+08 2.458e-22 2.756e-22 2.761e-22 2.593e-22 1.794e-22
9.183e+08 2.296e-22 2.557e-22 2.541e-22 2.365e-22 1.651e-22
9.418e+08 2.144e-22 2.373e-22 2.338e-22 2.155e-22 1.519e-22
9.660e+08 2.003e-22 2.204e-22 2.150e-22 1.962e-22 1.398e-22
9.908e+08 1.870e-22 2.047e-22 1.977e-22 1.784e-22 1.287e-22
1.016e+09 1.748e-22 1.902e-22 1.818e-22 1.620e-22 1.185e-22
1.042e+09 1.633e-22 1.768e-22 1.671e-22 1.470e-22 1.091e-22
1.069e+09 1.527e-22 1.643e-22 1.537e-22 1.332e-22 1.004e-22
1.097e+09 1.429e-22 1.528e-22 1.414e-22 1.206e-22 9.253e-23
1.125e+09 1.338e-22 1.422e-22 1.301e-22 1.090e-22 8.530e-23
1.154e+09 1.253e-22 1.323e-22 1.198e-22 9.851e-23 7.869e-23
1.183e+09 1.174e-22 1.231e-22 1.104e-22 8.889e-23 7.264e-23
1.214e+09 1.100e-22 1.146e-22 1.018e-22 8.013e-23 6.711e-23
1.245e+09 1.031e-22 1.066e-22 9.393e-23 7.215e-23 6.206e-23
1.277e+09 9.658e-23 9.921e-23 8.675e-23 6.489e-23 5.742e-23
1.310e+09 9.048e-23 9.230e-23 8.019e-23 5.830e-23 5.318e-23
1.343e+09 8.472e-23 8.586e-23 7.420e-23 5.233e-23 4.927e-23
1.378e+09 7.927e-23 7.984e-23 6.872e-23 4.691e-23 4.567e-23
1.413e+09 7.410e-23 7.422e-23 6.371e-23 4.200e-23 4.235e-23
1.449e+09 6.919e-23 6.896e-23 5.912e-23 3.757e-23 3.927e-23
1.487e+09 6.452e-23 6.403e-23 5.490e-23 3.357e-23 3.640e-23
1.525e+09 6.006e-23 5.943e-23 5.103e-23 2.995e-23 3.374e-23
1.564e+09 5.581e-23 5.512e-23 4.746e-23 2.669e-23 3.124e-23
1.604e+09 5.176e-23 5.108e-23 4.417e-23 2.376e-23 2.891e-23
1.645e+09 4.790e-23 4.731e-23 4.113e-23 2.112e-23 2.672e-23
1.687e+09 4.422e-23 4.378e-23 3.831e-23 1.875e-23 2.467e-23
1.731e+09 4.072e-23 4.048e-23 3.569e-23 1.662e-23 2.274e-23
1.775e+09 3.740e-23 3.740e-23 3.325e-23 1.471e-23 2.093e-23
1.821e+09 3.426e-23 3.453e-23 3.098e-23 1.301e-23 1.923e-23
1.868e+09 3.131e-23 3.185e-23 2.886e-23 1.148e-23 1.765e-23
1.916e+09 2.857e-23 2.936e-23 2.687e-23 1.012e-23 1.619e-23
1.965e+09 2.603e-23 2.705e-23 2.501e-23 8.904e-24 1.485e-23
2.015e+09 2.370e-23 2.492e-23 2.326e-23 7.822e-24 1.362e-23
2.067e+09 2.158e-23 2.294e-23 2.162e-23 6.861e-24 1.250e-23
2.120e+09 1.966e-23 2.113e-23 2.008e-23 6.008e-24 1.147e-23
2.174e+09 1.792e-23 1.947e-23 1.864e-23 5.252e-24 1.054e-23
2.230e+09 1.637e-23 1.796e-23 1.728e-23 4.583e-24 9.687e-24
2.287e+09 1.498e-23 1.658e-23 1.601e-23 3.993e-24 8.913e-24
2.346e+09 1.375e-23 1.533e-23 1.481e-23 3.473e-24 8.209e-24
2.406e+09 1.264e-23 1.419e-23 1.368e-23 3.015e-24 7.567e-24
2.468e+09 1.166e-23 1.315e-23 1.263e-23 2.614e-24 6.980e-24
2.532e+09 1.078e-23 1.221e-23 1.164e-23 2.263e-24 6.443e-24
2.597e+09 9.992e-24 1.135e-23 1.071e-23 1.956e-24 5.951e-24
2.663e+09 9.274e-24 1.056e-23 9.840e-24 1.688e-24 5.497e-24
2.732e+09 8.617e-24 9.836e-24 9.029e-24 1.456e-24 5.079e-24
2.802e+09 8.010e-24 9.164e-24 8.272e-24 1.254e-24 4.691e-24
2.874e+09 7.443e-24 8.538e-24 7.569e-24 1.079e-24 4.331e-24
2.948e+09 6.910e-24 7.953e-24 6.915e-24 9.266e-25 3.996e-24
3.023e+09 6.403e-24 7.403e-24 6.309e-24 7.952e-25 3.684e-24
3.101e+09 5.919e-24 6.883e-24 5.748e-24 6.817e-25 3.393e-24
3.181e+09 5.455e-24 6.389e-24 5.230e-24 5.838e-25 3.121e-24
3.262e+09 5.009e-24 5.920e-24 4.752e-24 4.994e-25 2.869e-24
3.346e+09 4.584e-24 5.472e-24 4.311e-24 4.269e-25 2.634e-24
3.432e+09 4.181e-24 5.044e-24 3.907e-24 3.647e-25 2.418e-24
3.520e+09 3.802e-24 4.635e-24 3.536e-24 3.114e-25 2.217e-24
3.610e+09 3.448e-24 4.245e-24 3.197e-24 2.660e-25 2.031e-24
3.703e+09 3.120e-24 3.875e-24 2.887e-24 2.272e-25 1.860e-24
3.798e+09 2.819e-24 3.526e-24 2.604e-24 1.943e-25 1.701e-24
3.896e+09 2.543e-24 3.201e-24 2.347e-24 1.665e-25 1.555e-24
3.996e+09 2.294e-24 2.899e-24 2.114e-24 1.430e-25 1.421e-24
4.098e+09 2.070e-24 2.621e-24 1.903e-24 1.233e-25 1.298e-24
4.204e+09 1.871e-24 2.367e-24 1.713e-24 1.069e-25 1.187e-24
4.312e+09 1.694e-24 2.138e-24 1.542e-24 9.329e-26 1.085e-24
4.422e+09 1.539e-24 1.932e-24 1.389e-24 8.205e-26 9.924e-25
4.536e+09 1.402e-24 1.749e-24 1.252e-24 7.283e-26 9.087e-25
4.652e+09 1.283e-24 1.587e-24 1.131e-24 6.530e-26 8.330e-25
4.772e+09 1.179e-24 1.445e-24 1.024e-24 5.916e-26 7.646e-25
4.894e+09 1.088e-24 1.321e-24 9.300e-25 5.417e-26 7.027e-25
5.020e+09 1.007e-24 1.213e-24 8.481e-25 5.009e-26 6.466e-25
5.149e+09 9.354e-25 1.120e-24 7.771e-25 4.672e-26 5.957e-25
5.281e+09 8.702e-25 1.040e-24 7.162e-25 4.391e-26 5.494e-25
5.417e+09 8.102e-25 9.695e-25 6.641e-25 4.152e-26 5.072e-25
5.556e+09 7.541e-25 9.083e-25 6.199e-25 3.945e-26 4.685e-25
5.698e+09 7.009e-25 8.543e-25 5.827e-25 3.762e-26 4.330e-25
5.845e+09 6.501e-25 8.059e-25 5.515e-25 3.597e-26 4.004e-25
5.995e+09 6.013e-25 7.622e-25 5.252e-25 3.445e-26 3.704e-25
6.149e+09 5.546e-25 7.221e-25 5.032e-25 3.304e-26 3.428e-25
6.307e+09 5.100e-25 6.849e-25 4.845e-25 3.170e-26 3.172e-25
6.469e+09 4.674e-25 6.502e-25 4.683e-25 3.042e-26 2.933e-25
6.635e+09 4.270e-25 6.178e-25 4.541e-25 2.919e-26 2.712e-25
6.805e+09 3.888e-25 5.873e-25 4.413e-25 2.800e-26 2.507e-25
6.980e+09 3.529e-25 5.588e-25 4.294e-25 2.685e-26 2.319e-25
7.159e+09 3.192e-25 5.320e-25 4.182e-25 2.573e-26 2.147e-25
7.343e+09 2.877e-25 5.069e-25 4.074e-25 2.463e-26 1.991e-25
7.531e+09 2.584e-25 4.833e-25 3.969e-25 2.356e-26 1.849e-25
7.725e+09 2.314e-25 4.610e-25 3.864e-25 2.252e-26 1.722e-25
7.923e+09 2.064e-25 4.400e-25 3.758e-25 2.150e-26 1.607e-25
8.127e+09 1.836e-25 4.200e-25 3.653e-25 2.051e-26 1.504e-25
8.335e+09 1.627e-25 4.008e-25 3.545e-25 1.954e-26 1.412e-25
8.549e+09 1.437e-25 3.825e-25 3.435e-25 1.860e-26 1.328e-25
8.769e+09 1.265e-25 3.648e-25 3.323e-25 1.768e-26 1.252e-25
8.994e+09 1.110e-25 3.476e-25 3.208e-25 1.679e-26 1.183e-25
9.225e+09 9.715e-26 3.310e-25 3.089e-25 1.592e-26 1.120e-25
9.462e+09 8.477e-26 3.147e-25 2.969e-25 1.507e-26 1.061e-25
9.705e+09 7.378e-26 2.988e-25 2.846e-25 1.426e-26 1.006e-25
9.954e+09 6.408e-26 2.833e-25 2.722e-25 1.346e-26 9.536e-26
1.021e+10 5.556e-26 2.680e-25 2.596e-25 1.270e-26 9.042e-26
1.047e+10 4.811e-26 2.531e-25 2.470e-25 1.196e-26 8.568e-26
1.074e+10 4.158e-26 2.384e-25 2.345e-25 1.124e-26 8.112e-26
1.102e+10 3.589e-26 2.242e-25 2.220e-25 1.056e-26 7.670e-26
1.130e+10 3.092e-26 2.102e-25 2.097e-25 9.900e-27 7.242e-26
1.159e+10 2.659e-26 1.967e-25 1.976e-25 9.269e-27 6.827e-26
1.189e+10 2.282e-26 1.836e-25 1.858e-25 8.665e-27 6.429e-26
1.219e+10 1.955e-26 1.711e-25 1.743e-25 8.089e-27 6.048e-26
1.251e+10 1.671e-26 1.592e-25 1.632e-25 7.539e-27 5.686e-26
1.283e+10 1.425e-26 1.480e-25 1.526e-25 7.016e-27 5.342e-26
1.316e+10 1.212e-26 1.374e-25 1.424e-25 6.521e-27 5.018e-26
1.349e+10 1.029e-26 1.274e-25 1.326e-25 6.052e-27 4.711e-26
1.384e+10 8.708e-27 1.182e-25 1.233e-25 5.609e-27 4.422e-26
1.420e+10 7.350e-27 1.096e-25 1.146e-25 5.193e-27 4.149e-26
1.456e+10 6.185e-27 1.016e-25 1.063e-25 4.804e-27 3.892e-26
1.493e+10 5.188e-27 9.419e-26 9.855e-26 4.441e-27 3.651e-26
1.532e+10 4.337e-27 8.738e-26 9.131e-26 4.105e-27 3.426e-26
1.571e+10 3.612e-27 8.109e-26 8.459e-26 3.796e-27 3.215e-26
1.611e+10 2.997e-27 7.530e-26 7.837e-26 3.515e-27 3.019e-26
1.653e+10 2.476e-27 6.997e-26 7.262e-26 3.263e-27 2.837e-26
1.695e+10 2.036e-27 6.506e-26 6.733e-26 3.039e-27 2.667e-26
1.739e+10 1.666e-27 6.053e-26 6.246e-26 2.845e-27 2.508e-26
1.783e+10 1.356e-27 5.634e-26 5.798e-26 2.681e-27 2.360e-26
1.829e+10 1.097e-27 5.247e-26 5.386e-26 2.546e-27 2.221e-26
1.876e+10 8.816e-28 4.888e-26 5.006e-26 2.440e-27 2.090e-26
1.924e+10 7.037e-28 4.554e-26 4.654e-26 2.360e-27 1.967e-26
1.974e+10 5.573e-28 4.243e-26 4.329e-26 2.304e-27 1.850e-26
2.024e+10 4.375e-28 3.952e-26 4.028e-26 2.268e-27 1.739e-26
2.076e+10 3.402e-28 3.679e-26 3.747e-26 2.249e-27 1.634e-26
2.130e+10 2.616e-28 3.424e-26 3.486e-26 2.242e-27 1.533e-26
2.184e+10 1.987e-28 3.184e-26 3.242e-26 2.245e-27 1.438e-26
2.241e+10 1.489e-28 2.959e-26 3.014e-26 2.254e-27 1.347e-26
2.298e+10 1.097e-28 2.747e-26 2.800e-26 2.265e-27 1.261e-26
2.357e+10 7.931e-29 2.549e-26 2.599e-26 2.275e-27 1.180e-26
2.418e+10 5.607e-29 2.363e-26 2.410e-26 2.283e-27 1.102e-26
2.480e+10 3.859e-29 2.189e-26 2.233e-26 2.287e-27 1.029e-26
2.543e+10 2.571e-29 2.025e-26 2.066e-26 2.285e-27 9.594e-27
2.609e+10 1.644e-29 1.872e-26 1.910e-26 2.277e-27 8.940e-27
2.676e+10 9.974e-30 1.729e-26 1.763e-26 2.261e-27 8.325e-27
2.744e+10 5.649e-30 1.596e-26 1.625e-26 2.238e-27 7.749e-27
2.815e+10 2.911e-30 1.471e-26 1.497e-26 2.208e-27 7.212e-27
2.887e+10 1.317e-30 1.355e-26 1.377e-26 2.170e-27 6.712e-27
2.961e+10 5.276e-31 1.247e-26 1.266e-26 2.126e-27 6.248e-27
3.037e+10 2.808e-31 1.146e-26 1.162e-26 2.076e-27 5.817e-27
3.115e+10 2.477e-31 1.052e-26 1.066e-26 2.020e-27 5.418e-27
3.195e+10 2.319e-31 9.655e-27 9.779e-27 1.960e-27 5.047e-27
3.277e+10 2.169e-31 8.849e-27 8.961e-27 1.895e-27 4.702e-27
3.361e+10 2.026e-31 8.103e-27 8.207e-27 1.827e-27 4.381e-27
3.448e+10 1.891e-31 7.413e-27 7.511e-27 1.757e-27 4.081e-27
3.536e+10 1.762e-31 6.775e-27 6.871e-27 1.684e-27 3.800e-27
3.627e+10 1.641e-31 6.186e-27 6.282e-27 1.611e-27 3.537e-27
3.720e+10 1.526e-31 5.643e-27 5.739e-27 1.537e-27 3.290e-27
3.816e+10 1.418e-31 5.142e-27 5.241e-27 1.463e-27 3.057e-27
3.914e+10 1.316e-31 4.682e-27 4.782e-27 1.389e-27 2.838e-27
4.014e+10 1.221e-31 4.259e-27 4.361e-27 1.316e-27 2.631e-27
4.117e+10 1.131e-31 3.870e-27 3.975e-27 1.245e-27 2.436e-27
4.223e+10 1.047e-31 3.514e-27 3.619e-27 1.176e-27 2.251e-27
4.331e+10 9.685e-32 3.187e-27 3.293e-27 1.109e-27 2.076e-27
4.443e+10 8.950e-32 2.888e-27 2.993e-27 1.045e-27 1.912e-27
4.557e+10 8.264e-32 2.615e-27 2.718e-27 9.834e-28 1.756e-27
4.674e+10 7.624e-32 2.366e-27 2.466e-27 9.247e-28 1.609e-27
4.794e+10 7.028e-32 2.138e-27 2.235e-27 8.690e-28 1.471e-27
4.917e+10 6.473e-32 1.931e-27 2.023e-27 8.161e-28 1.343e-27
5.043e+10 5.958e-32 1.742e-27 1.829e-27 7.659e-28 1.223e-27
5.173e+10 5.479e-32 1.570e-27 1.653e-27 7.182e-28 1.112e-27
5.305e+10 5.034e-32 1.414e-27 1.492e-27 6.730e-28 1.010e-27
5.442e+10 4.622e-32 1.273e-27 1.345e-27 6.301e-28 9.160e-28
5.581e+10 4.241e-32 1.145e-27 1.212e-27 5.895e-28 8.300e-28
5.725e+10 3.888e-32 1.029e-27 1.092e-27 5.509e-28 7.515e-28
5.872e+10 3.561e-32 9.244e-28 9.828e-28 5.144e-28 6.801e-28
6.023e+10 3.260e-32 8.298e-28 8.842e-28 4.798e-28 6.155e-28
6.177e+10 2.981e-32 7.445e-28 7.953e-28 4.470e-28 5.570e-28
6.336e+10 2.725e-32 6.676e-28 7.152e-28 4.160e-28 5.044e-28
6.498e+10 2.488e-32 5.985e-28 6.432e-28 3.865e-28 4.570e-28
6.665e+10 2.270e-32 5.363e-28 5.785e-28 3.587e-28 4.144e-28
6.837e+10 2.070e-32 4.804e-28 5.204e-28 3.323e-28 3.762e-28
7.012e+10 1.885e-32 4.302e-28 4.684e-28 3.074e-28 3.418e-28
7.192e+10 1.716e-32 3.851e-28 4.217e-28 2.839e-28 3.110e-28
7.377e+10 1.561e-32 3.445e-28 3.800e-28 2.616e-28 2.832e-28
7.566e+10 1.418e-32 3.081e-28 3.427e-28 2.405e-28 2.582e-28
7.761e+10 1.287e-32 2.755e-28 3.092e-28 2.205e-28 2.357e-28
7.960e+10 1.168e-32 2.461e-28 2.793e-28 2.017e-28 2.152e-28
8.164e+10 1.058e-32 2.198e-28 2.526e-28 1.838e-28 1.966e-28
8.374e+10 9.582e-33 1.963e-28 2.286e-28 1.670e-28 1.797e-28
8.589e+10 8.668e-33 1.751e-28 2.070e-28 1.512e-28 1.643e-28
8.809e+10 7.834e-33 1.562e-28 1.877e-28 1.363e-28 1.501e-28
9.036e+10 7.072e-33 1.392e-28 1.702e-28 1.225e-28 1.372e-28
9.268e+10 6.379e-33 1.241e-28 1.545e-28 1.097e-28 1.254e-28
9.506e+10 5.747e-33 1.105e-28 1.403e-28 9.780e-29 1.146e-28
9.750e+10 5.173e-33 9.834e-29 1.275e-28 8.689e-29 1.047e-28
1.000e+11 4.650e-33 8.748e-29 1.159e-28 7.690e-29 9.569e-29
