# energy, proton, helium, oxygen group, iron group, total
# [units: energy in GeV, flux in 1/(GeV m2 s sr)]
1.000e+00 3.967e+02 0.000e+00 0.000e+00 0.000e+00 3.967e+02
1.026e+00 6.157e+02 0.000e+00 0.000e+00 0.000e+00 6.157e+02
1.052e+00 8.245e+02 0.000e+00 0.000e+00 0.000e+00 8.245e+02
1.079e+00 1.012e+03 0.000e+00 0.000e+00 0.000e+00 1.012e+03
1.107e+00 1.174e+03 0.000e+00 0.000e+00 0.000e+00 1.174e+03
1.135e+00 1.307e+03 0.000e+00 0.000e+00 0.000e+00 1.307e+03
1.164e+00 1.414e+03 0.000e+00 0.000e+00 0.000e+00 1.414e+03
1.194e+00 1.494e+03 0.000e+00 0.000e+00 0.000e+00 1.494e+03
1.225e+00 1.552e+03 0.000e+00 0.000e+00 0.000e+00 1.552e+03
1.256e+00 1.589e+03 0.000e+00 0.000e+00 0.000e+00 1.589e+03
1.289e+00 1.608e+03 0.000e+00 0.000e+00 0.000e+00 1.608e+03
1.322e+00 1.613e+03 0.000e+00 0.000e+00 0.000e+00 1.613e+03
1.356e+00 1.604e+03 0.000e+00 0.000e+00 0.000e+00 1.604e+03
1.390e+00 1.586e+03 0.000e+00 0.000e+00 0.000e+00 1.586e+03
1.426e+00 1.558e+03 0.000e+00 0.000e+00 0.000e+00 1.558e+03
1.463e+00 1.525e+03 0.000e+00 0.000e+00 0.000e+00 1.525e+03
1.500e+00 1.486e+03 0.000e+00 0.000e+00 0.000e+00 1.486e+03
1.539e+00 1.443e+03 0.000e+00 0.000e+00 0.000e+00 1.443e+03
1.578e+00 1.397e+03 0.000e+00 0.000e+00 0.000e+00 1.397e+03
1.619e+00 1.350e+03 0.000e+00 0.000e+00 0.000e+00 1.350e+03
1.660e+00 1.302e+03 0.000e+00 0.000e+00 0.000e+00 1.302e+03
1.703e+00 1.253e+03 0.000e+00 0.000e+00 0.000e+00 1.253e+03
1.747e+00 1.205e+03 0.000e+00 0.000e+00 0.000e+00 1.205e+03
1.792e+00 1.157e+03 0.000e+00 0.000e+00 0.000e+00 1.157e+03
1.838e+00 1.110e+03 0.000e+00 0.000e+00 0.000e+00 1.110e+03
1.885e+00 1.064e+03 0.000e+00 0.000e+00 0.000e+00 1.064e+03
1.933e+00 1.019e+03 0.000e+00 0.000e+00 0.000e+00 1.019e+03
1.983e+00 9.749e+02 0.000e+00 0.000e+00 0.000e+00 9.749e+02
2.034e+00 9.322e+02 0.000e+00 0.000e+00 0.000e+00 9.322e+02
2.086e+00 8.909e+02 0.000e+00 0.000e+00 0.000e+00 8.909e+02
2.140e+00 8.509e+02 0.000e+00 0.000e+00 0.000e+00 8.509e+02
2.195e+00 8.123e+02 0.000e+00 0.000e+00 0.000e+00 8.123e+02
2.251e+00 7.750e+02 0.000e+00 0.000e+00 0.000e+00 7.750e+02
2.309e+00 7.391e+02 0.000e+00 0.000e+00 0.000e+00 7.391e+02
2.368e+00 7.045e+02 0.000e+00 0.000e+00 0.000e+00 7.045e+02
2.429e+00 6.712e+02 0.000e+00 0.000e+00 0.000e+00 6.712e+02
2.491e+00 6.393e+02 0.000e+00 0.000e+00 0.000e+00 6.393e+02
2.555e+00 6.087e+02 0.000e+00 0.000e+00 0.000e+00 6.087e+02
2.621e+00 5.793e+02 0.000e+00 0.000e+00 0.000e+00 5.793e+02
2.688e+00 5.511e+02 0.000e+00 0.000e+00 0.000e+00 5.511e+02
2.757e+00 5.242e+02 0.000e+00 0.000e+00 0.000e+00 5.242e+02
2.828e+00 4.984e+02 0.000e+00 0.000e+00 0.000e+00 4.984e+02
2.900e+00 4.737e+02 0.000e+00 0.000e+00 0.000e+00 4.737e+02
2.975e+00 4.502e+02 0.000e+00 0.000e+00 0.000e+00 4.502e+02
3.051e+00 4.276e+02 0.000e+00 0.000e+00 0.000e+00 4.276e+02
3.130e+00 4.061e+02 0.000e+00 0.000e+00 0.000e+00 4.061e+02
3.210e+00 3.855e+02 0.000e+00 0.000e+00 0.000e+00 3.855e+02
3.292e+00 3.659e+02 0.000e+00 0.000e+00 0.000e+00 3.659e+02
3.377e+00 3.471e+02 0.000e+00 0.000e+00 0.000e+00 3.471e+02
3.464e+00 3.292e+02 0.000e+00 0.000e+00 0.000e+00 3.292e+02
3.553e+00 3.121e+02 0.000e+00 0.000e+00 0.000e+00 3.121e+02
3.644e+00 2.958e+02 0.000e+00 0.000e+00 0.000e+00 2.958e+02
3.737e+00 2.802e+02 0.000e+00 0.000e+00 0.000e+00 2.802e+02
3.833e+00 2.654e+02 6.173e-01 0.000e+00 0.000e+00 2.660e+02
3.932e+00 2.513e+02 3.511e+00 0.000e+00 0.000e+00 2.548e+02
4.033e+00 2.378e+02 9.742e+00 0.000e+00 0.000e+00 2.475e+02
4.136e+00 2.249e+02 1.921e+01 0.000e+00 0.000e+00 2.441e+02
4.243e+00 2.127e+02 3.273e+01 0.000e+00 0.000e+00 2.454e+02
4.351e+00 2.011e+02 5.028e+01 0.000e+00 0.000e+00 2.514e+02
4.463e+00 1.900e+02 6.638e+01 0.000e+00 0.000e+00 2.564e+02
4.578e+00 1.795e+02 7.443e+01 0.000e+00 0.000e+00 2.539e+02
4.695e+00 1.694e+02 7.676e+01 0.000e+00 0.000e+00 2.462e+02
4.816e+00 1.599e+02 7.695e+01 0.000e+00 0.000e+00 2.369e+02
4.940e+00 1.509e+02 7.572e+01 0.000e+00 0.000e+00 2.266e+02
5.066e+00 1.423e+02 7.349e+01 0.000e+00 0.000e+00 2.158e+02
5.197e+00 1.341e+02 7.060e+01 0.000e+00 0.000e+00 2.047e+02
5.330e+00 1.264e+02 6.730e+01 0.000e+00 0.000e+00 1.937e+02
5.467e+00 1.191e+02 6.378e+01 0.000e+00 0.000e+00 1.829e+02
5.607e+00 1.121e+02 6.018e+01 0.000e+00 0.000e+00 1.723e+02
5.751e+00 1.056e+02 5.660e+01 0.000e+00 0.000e+00 1.622e+02
5.899e+00 9.936e+01 5.312e+01 0.000e+00 0.000e+00 1.525e+02
6.050e+00 9.348e+01 4.978e+01 0.000e+00 0.000e+00 1.433e+02
6.206e+00 8.792e+01 4.662e+01 0.000e+00 0.000e+00 1.345e+02
6.365e+00 8.267e+01 4.364e+01 0.000e+00 0.000e+00 1.263e+02
6.529e+00 7.771e+01 4.085e+01 3.360e-03 0.000e+00 1.186e+02
6.696e+00 7.302e+01 3.825e+01 4.851e-02 0.000e+00 1.113e+02
6.868e+00 6.860e+01 3.583e+01 8.615e-02 0.000e+00 1.045e+02
7.044e+00 6.443e+01 3.357e+01 1.159e-01 0.000e+00 9.812e+01
7.225e+00 6.050e+01 3.146e+01 1.384e-01 0.000e+00 9.209e+01
7.411e+00 5.679e+01 2.948e+01 1.547e-01 0.000e+00 8.643e+01
7.601e+00 5.330e+01 2.764e+01 1.659e-01 0.000e+00 8.111e+01
7.796e+00 5.001e+01 2.592e+01 1.731e-01 0.000e+00 7.610e+01
7.997e+00 4.691e+01 2.432e+01 1.770e-01 0.000e+00 7.140e+01
8.202e+00 4.399e+01 2.281e+01 1.783e-01 0.000e+00 6.698e+01
8.412e+00 4.125e+01 2.141e+01 1.777e-01 0.000e+00 6.283e+01
8.629e+00 3.866e+01 2.009e+01 2.030e-01 0.000e+00 5.896e+01
8.850e+00 3.623e+01 1.886e+01 2.247e-01 0.000e+00 5.532e+01
9.077e+00 3.395e+01 1.770e+01 2.366e-01 0.000e+00 5.189e+01
9.310e+00 3.180e+01 1.662e+01 2.415e-01 0.000e+00 4.867e+01
9.549e+00 2.979e+01 1.561e+01 2.416e-01 0.000e+00 4.564e+01
9.795e+00 2.789e+01 1.466e+01 2.384e-01 0.000e+00 4.279e+01
1.005e+01 2.612e+01 1.377e+01 2.330e-01 0.000e+00 4.011e+01
1.030e+01 2.445e+01 1.293e+01 2.540e-01 0.000e+00 3.763e+01
1.057e+01 2.288e+01 1.214e+01 2.887e-01 0.000e+00 3.531e+01
1.084e+01 2.141e+01 1.141e+01 3.156e-01 0.000e+00 3.313e+01
1.112e+01 2.003e+01 1.071e+01 3.346e-01 0.000e+00 3.108e+01
1.140e+01 1.874e+01 1.006e+01 4.322e-01 0.000e+00 2.923e+01
1.170e+01 1.752e+01 9.454e+00 6.108e-01 0.000e+00 2.759e+01
1.200e+01 1.639e+01 8.881e+00 7.502e-01 0.000e+00 2.602e+01
1.231e+01 1.532e+01 8.342e+00 8.522e-01 0.000e+00 2.451e+01
1.262e+01 1.432e+01 7.835e+00 9.211e-01 0.000e+00 2.308e+01
1.295e+01 1.339e+01 7.359e+00 9.623e-01 0.000e+00 2.171e+01
1.328e+01 1.251e+01 6.911e+00 9.947e-01 0.000e+00 2.042e+01
1.362e+01 1.169e+01 6.491e+00 1.029e+00 0.000e+00 1.921e+01
1.397e+01 1.092e+01 6.095e+00 1.044e+00 0.000e+00 1.806e+01
1.433e+01 1.020e+01 5.723e+00 1.044e+00 0.000e+00 1.697e+01
1.469e+01 9.529e+00 5.373e+00 1.031e+00 0.000e+00 1.593e+01
1.507e+01 8.899e+00 5.045e+00 1.028e+00 0.000e+00 1.497e+01
1.546e+01 8.310e+00 4.736e+00 1.135e+00 0.000e+00 1.418e+01
1.586e+01 7.759e+00 4.445e+00 1.212e+00 0.000e+00 1.342e+01
1.626e+01 7.243e+00 4.171e+00 1.258e+00 0.000e+00 1.267e+01
1.668e+01 6.761e+00 3.914e+00 1.279e+00 0.000e+00 1.195e+01
1.711e+01 6.310e+00 3.673e+00 1.279e+00 0.000e+00 1.126e+01
1.755e+01 5.889e+00 3.446e+00 1.262e+00 0.000e+00 1.060e+01
1.800e+01 5.495e+00 3.232e+00 1.232e+00 0.000e+00 9.959e+00
1.846e+01 5.127e+00 3.031e+00 1.194e+00 0.000e+00 9.353e+00
1.894e+01 4.783e+00 2.842e+00 1.150e+00 0.000e+00 8.776e+00
1.942e+01 4.462e+00 2.665e+00 1.102e+00 1.414e-02 8.243e+00
1.992e+01 4.162e+00 2.498e+00 1.051e+00 2.662e-02 7.738e+00
2.043e+01 3.882e+00 2.342e+00 9.995e-01 3.658e-02 7.259e+00
2.096e+01 3.620e+00 2.194e+00 9.483e-01 4.403e-02 6.807e+00
2.149e+01 3.376e+00 2.056e+00 8.982e-01 4.922e-02 6.379e+00
2.205e+01 3.147e+00 1.926e+00 8.495e-01 5.443e-02 5.978e+00
2.261e+01 2.934e+00 1.805e+00 8.026e-01 5.821e-02 5.600e+00
2.319e+01 2.736e+00 1.690e+00 7.578e-01 7.151e-02 5.255e+00
2.379e+01 2.550e+00 1.583e+00 7.152e-01 8.786e-02 4.936e+00
2.440e+01 2.377e+00 1.482e+00 6.747e-01 1.002e-01 4.634e+00
2.503e+01 2.216e+00 1.388e+00 6.364e-01 1.087e-01 4.348e+00
2.567e+01 2.065e+00 1.299e+00 6.002e-01 1.149e-01 4.079e+00
2.633e+01 1.924e+00 1.216e+00 5.660e-01 1.193e-01 3.825e+00
2.700e+01 1.793e+00 1.138e+00 5.338e-01 1.310e-01 3.596e+00
2.770e+01 1.671e+00 1.065e+00 5.034e-01 1.398e-01 3.379e+00
2.841e+01 1.557e+00 9.965e-01 4.747e-01 1.453e-01 3.173e+00
2.914e+01 1.451e+00 9.323e-01 4.476e-01 1.477e-01 2.978e+00
2.989e+01 1.351e+00 8.722e-01 4.221e-01 1.478e-01 2.793e+00
3.065e+01 1.259e+00 8.158e-01 3.979e-01 1.470e-01 2.620e+00
3.144e+01 1.173e+00 7.631e-01 3.751e-01 1.450e-01 2.456e+00
3.225e+01 1.092e+00 7.136e-01 3.535e-01 1.417e-01 2.301e+00
3.308e+01 1.018e+00 6.673e-01 3.331e-01 1.375e-01 2.155e+00
3.393e+01 9.478e-01 6.240e-01 3.139e-01 1.327e-01 2.018e+00
3.480e+01 8.827e-01 5.834e-01 2.957e-01 1.276e-01 1.889e+00
3.569e+01 8.221e-01 5.454e-01 2.785e-01 1.222e-01 1.768e+00
3.661e+01 7.656e-01 5.099e-01 2.623e-01 1.168e-01 1.655e+00
3.755e+01 7.130e-01 4.766e-01 2.469e-01 1.116e-01 1.548e+00
3.851e+01 6.640e-01 4.455e-01 2.324e-01 1.075e-01 1.449e+00
3.950e+01 6.183e-01 4.164e-01 2.188e-01 1.035e-01 1.357e+00
4.051e+01 5.758e-01 3.891e-01 2.058e-01 9.957e-02 1.270e+00
4.155e+01 5.361e-01 3.636e-01 1.936e-01 9.565e-02 1.189e+00
4.262e+01 4.992e-01 3.398e-01 1.821e-01 9.184e-02 1.113e+00
4.372e+01 4.648e-01 3.175e-01 1.713e-01 8.817e-02 1.042e+00
4.484e+01 4.327e-01 2.966e-01 1.610e-01 8.455e-02 9.749e-01
4.599e+01 4.029e-01 2.771e-01 1.514e-01 8.154e-02 9.130e-01
4.717e+01 3.751e-01 2.589e-01 1.423e-01 7.858e-02 8.549e-01
4.838e+01 3.492e-01 2.418e-01 1.337e-01 7.572e-02 8.005e-01
4.962e+01 3.251e-01 2.259e-01 1.257e-01 7.335e-02 7.500e-01
5.090e+01 3.027e-01 2.110e-01 1.181e-01 7.107e-02 7.028e-01
5.221e+01 2.818e-01 1.971e-01 1.109e-01 6.883e-02 6.586e-01
5.355e+01 2.623e-01 1.841e-01 1.042e-01 6.865e-02 6.192e-01
5.492e+01 2.442e-01 1.719e-01 9.781e-02 6.815e-02 5.821e-01
5.633e+01 2.273e-01 1.606e-01 9.184e-02 6.717e-02 5.469e-01
5.778e+01 2.116e-01 1.500e-01 8.622e-02 6.571e-02 5.135e-01
5.926e+01 1.970e-01 1.400e-01 8.094e-02 6.386e-02 4.819e-01
6.078e+01 1.834e-01 1.308e-01 7.597e-02 6.173e-02 4.519e-01
6.234e+01 1.707e-01 1.221e-01 7.130e-02 5.941e-02 4.236e-01
6.394e+01 1.589e-01 1.140e-01 6.691e-02 5.697e-02 3.968e-01
6.559e+01 1.479e-01 1.065e-01 6.278e-02 5.447e-02 3.717e-01
6.727e+01 1.377e-01 9.943e-02 5.890e-02 5.196e-02 3.480e-01
6.900e+01 1.282e-01 9.284e-02 5.525e-02 4.945e-02 3.257e-01
7.077e+01 1.193e-01 8.669e-02 5.183e-02 4.699e-02 3.048e-01
7.259e+01 1.111e-01 8.094e-02 4.861e-02 4.458e-02 2.852e-01
7.445e+01 1.034e-01 7.557e-02 4.558e-02 4.224e-02 2.668e-01
7.636e+01 9.625e-02 7.056e-02 4.274e-02 3.999e-02 2.495e-01
7.832e+01 8.960e-02 6.588e-02 4.008e-02 3.782e-02 2.334e-01
8.034e+01 8.340e-02 6.150e-02 3.757e-02 3.574e-02 2.182e-01
8.240e+01 7.764e-02 5.742e-02 3.522e-02 3.376e-02 2.040e-01
8.451e+01 7.227e-02 5.360e-02 3.301e-02 3.187e-02 1.908e-01
8.668e+01 6.728e-02 5.004e-02 3.094e-02 3.007e-02 1.783e-01
8.891e+01 6.263e-02 4.671e-02 2.900e-02 2.836e-02 1.667e-01
9.119e+01 5.830e-02 4.361e-02 2.717e-02 2.674e-02 1.558e-01
9.353e+01 5.427e-02 4.071e-02 2.546e-02 2.521e-02 1.456e-01
9.594e+01 5.053e-02 3.800e-02 2.385e-02 2.376e-02 1.361e-01
9.840e+01 4.704e-02 3.547e-02 2.234e-02 2.239e-02 1.272e-01
1.009e+02 4.379e-02 3.311e-02 2.093e-02 2.109e-02 1.189e-01
1.035e+02 4.077e-02 3.090e-02 1.960e-02 1.987e-02 1.111e-01
1.062e+02 3.795e-02 2.884e-02 1.836e-02 1.872e-02 1.039e-01
1.089e+02 3.533e-02 2.692e-02 1.719e-02 1.763e-02 9.708e-02
1.117e+02 3.290e-02 2.513e-02 1.610e-02 1.660e-02 9.072e-02
1.146e+02 3.063e-02 2.345e-02 1.507e-02 1.564e-02 8.479e-02
1.175e+02 2.851e-02 2.189e-02 1.411e-02 1.472e-02 7.924e-02
1.205e+02 2.655e-02 2.043e-02 1.321e-02 1.387e-02 7.405e-02
1.236e+02 2.472e-02 1.906e-02 1.236e-02 1.306e-02 6.920e-02
1.268e+02 2.302e-02 1.779e-02 1.157e-02 1.229e-02 6.467e-02
1.301e+02 2.143e-02 1.660e-02 1.083e-02 1.157e-02 6.044e-02
1.334e+02 1.996e-02 1.549e-02 1.013e-02 1.090e-02 5.648e-02
1.368e+02 1.859e-02 1.446e-02 9.482e-03 1.026e-02 5.278e-02
1.403e+02 1.731e-02 1.349e-02 8.871e-03 9.654e-03 4.932e-02
1.439e+02 1.612e-02 1.259e-02 8.299e-03 9.087e-03 4.609e-02
1.476e+02 1.501e-02 1.175e-02 7.763e-03 8.552e-03 4.307e-02
1.514e+02 1.398e-02 1.096e-02 7.262e-03 8.049e-03 4.025e-02
1.553e+02 1.302e-02 1.023e-02 6.792e-03 7.574e-03 3.762e-02
1.593e+02 1.213e-02 9.544e-03 6.352e-03 7.127e-03 3.515e-02
1.634e+02 1.130e-02 8.905e-03 5.940e-03 6.706e-03 3.285e-02
1.676e+02 1.052e-02 8.308e-03 5.554e-03 6.309e-03 3.070e-02
1.719e+02 9.803e-03 7.752e-03 5.193e-03 5.935e-03 2.868e-02
1.763e+02 9.132e-03 7.232e-03 4.855e-03 5.583e-03 2.680e-02
1.808e+02 8.508e-03 6.747e-03 4.539e-03 5.252e-03 2.505e-02
1.855e+02 7.927e-03 6.295e-03 4.243e-03 4.939e-03 2.340e-02
1.902e+02 7.386e-03 5.873e-03 3.966e-03 4.645e-03 2.187e-02
1.951e+02 6.882e-03 5.479e-03 3.707e-03 4.368e-03 2.044e-02
2.001e+02 6.412e-03 5.111e-03 3.464e-03 4.107e-03 1.910e-02
2.053e+02 5.976e-03 4.768e-03 3.237e-03 3.862e-03 1.784e-02
2.105e+02 5.569e-03 4.448e-03 3.025e-03 3.630e-03 1.667e-02
2.159e+02 5.190e-03 4.149e-03 2.827e-03 3.413e-03 1.558e-02
2.215e+02 4.837e-03 3.871e-03 2.641e-03 3.208e-03 1.456e-02
2.272e+02 4.509e-03 3.611e-03 2.467e-03 3.015e-03 1.360e-02
2.330e+02 4.202e-03 3.368e-03 2.305e-03 2.833e-03 1.271e-02
2.390e+02 3.917e-03 3.142e-03 2.153e-03 2.662e-03 1.187e-02
2.451e+02 3.652e-03 2.931e-03 2.011e-03 2.501e-03 1.110e-02
2.514e+02 3.405e-03 2.734e-03 1.878e-03 2.350e-03 1.037e-02
2.579e+02 3.174e-03 2.550e-03 1.754e-03 2.208e-03 9.687e-03
2.645e+02 2.960e-03 2.379e-03 1.638e-03 2.074e-03 9.051e-03
2.713e+02 2.760e-03 2.219e-03 1.530e-03 1.948e-03 8.457e-03
2.783e+02 2.573e-03 2.070e-03 1.429e-03 1.829e-03 7.902e-03
2.854e+02 2.400e-03 1.931e-03 1.334e-03 1.718e-03 7.383e-03
2.927e+02 2.238e-03 1.802e-03 1.246e-03 1.613e-03 6.899e-03
3.002e+02 2.087e-03 1.681e-03 1.163e-03 1.514e-03 6.446e-03
3.080e+02 1.947e-03 1.568e-03 1.086e-03 1.422e-03 6.023e-03
3.159e+02 1.816e-03 1.463e-03 1.013e-03 1.334e-03 5.627e-03
3.240e+02 1.694e-03 1.365e-03 9.460e-04 1.253e-03 5.258e-03
3.323e+02 1.581e-03 1.274e-03 8.830e-04 1.175e-03 4.913e-03
3.408e+02 1.475e-03 1.188e-03 8.242e-04 1.103e-03 4.590e-03
3.496e+02 1.376e-03 1.109e-03 7.693e-04 1.035e-03 4.289e-03
3.586e+02 1.284e-03 1.035e-03 7.179e-04 9.711e-04 4.007e-03
3.678e+02 1.198e-03 9.656e-04 6.700e-04 9.110e-04 3.744e-03
3.772e+02 1.118e-03 9.010e-04 6.253e-04 8.546e-04 3.499e-03
3.869e+02 1.043e-03 8.409e-04 5.835e-04 8.015e-04 3.269e-03
3.968e+02 9.736e-04 7.847e-04 5.445e-04 7.517e-04 3.055e-03
4.070e+02 9.088e-04 7.324e-04 5.080e-04 7.049e-04 2.854e-03
4.175e+02 8.483e-04 6.835e-04 4.740e-04 6.610e-04 2.667e-03
4.282e+02 7.918e-04 6.380e-04 4.423e-04 6.197e-04 2.492e-03
4.392e+02 7.392e-04 5.955e-04 4.126e-04 5.809e-04 2.328e-03
4.505e+02 6.901e-04 5.559e-04 3.850e-04 5.446e-04 2.176e-03
4.620e+02 6.443e-04 5.189e-04 3.592e-04 5.104e-04 2.033e-03
4.739e+02 6.016e-04 4.844e-04 3.350e-04 4.783e-04 1.899e-03
4.861e+02 5.618e-04 4.523e-04 3.126e-04 4.482e-04 1.775e-03
4.985e+02 5.246e-04 4.223e-04 2.916e-04 4.200e-04 1.658e-03
5.113e+02 4.899e-04 3.943e-04 2.720e-04 3.935e-04 1.550e-03
5.245e+02 4.575e-04 3.681e-04 2.537e-04 3.686e-04 1.448e-03
5.379e+02 4.273e-04 3.438e-04 2.366e-04 3.453e-04 1.353e-03
5.517e+02 3.991e-04 3.210e-04 2.207e-04 3.234e-04 1.264e-03
5.659e+02 3.728e-04 2.998e-04 2.058e-04 3.029e-04 1.181e-03
5.804e+02 3.483e-04 2.800e-04 1.920e-04 2.837e-04 1.104e-03
5.954e+02 3.254e-04 2.615e-04 1.790e-04 2.656e-04 1.032e-03
6.106e+02 3.040e-04 2.443e-04 1.670e-04 2.487e-04 9.639e-04
6.263e+02 2.840e-04 2.282e-04 1.557e-04 2.328e-04 9.007e-04
6.424e+02 2.654e-04 2.131e-04 1.452e-04 2.179e-04 8.417e-04
6.589e+02 2.480e-04 1.991e-04 1.354e-04 2.040e-04 7.865e-04
6.758e+02 2.317e-04 1.860e-04 1.263e-04 1.909e-04 7.349e-04
6.932e+02 2.165e-04 1.738e-04 1.178e-04 1.787e-04 6.868e-04
7.110e+02 2.024e-04 1.624e-04 1.098e-04 1.672e-04 6.418e-04
7.292e+02 1.891e-04 1.517e-04 1.024e-04 1.564e-04 5.997e-04
7.480e+02 1.768e-04 1.418e-04 9.550e-05 1.463e-04 5.604e-04
7.672e+02 1.652e-04 1.325e-04 8.906e-05 1.369e-04 5.237e-04
7.869e+02 1.544e-04 1.239e-04 8.304e-05 1.281e-04 4.894e-04
8.071e+02 1.444e-04 1.158e-04 7.744e-05 1.198e-04 4.573e-04
8.278e+02 1.350e-04 1.082e-04 7.221e-05 1.120e-04 4.274e-04
8.490e+02 1.262e-04 1.011e-04 6.733e-05 1.047e-04 3.994e-04
8.708e+02 1.180e-04 9.455e-05 6.279e-05 9.795e-05 3.733e-04
8.932e+02 1.103e-04 8.839e-05 5.855e-05 9.158e-05 3.488e-04
9.161e+02 1.031e-04 8.264e-05 5.460e-05 8.561e-05 3.260e-04
9.397e+02 9.644e-05 7.727e-05 5.091e-05 8.003e-05 3.047e-04
9.638e+02 9.018e-05 7.225e-05 4.748e-05 7.481e-05 2.847e-04
9.885e+02 8.433e-05 6.756e-05 4.428e-05 6.992e-05 2.661e-04
1.014e+03 7.887e-05 6.317e-05 4.129e-05 6.534e-05 2.487e-04
1.040e+03 7.376e-05 5.908e-05 3.851e-05 6.106e-05 2.324e-04
1.067e+03 6.899e-05 5.525e-05 3.592e-05 5.706e-05 2.172e-04
1.094e+03 6.452e-05 5.168e-05 3.350e-05 5.331e-05 2.030e-04
1.122e+03 6.035e-05 4.834e-05 3.125e-05 4.980e-05 1.897e-04
1.151e+03 5.645e-05 4.522e-05 2.915e-05 4.653e-05 1.773e-04
1.181e+03 5.281e-05 4.230e-05 2.719e-05 4.346e-05 1.658e-04
1.211e+03 4.940e-05 3.957e-05 2.536e-05 4.059e-05 1.549e-04
1.242e+03 4.622e-05 3.702e-05 2.366e-05 3.791e-05 1.448e-04
1.274e+03 4.324e-05 3.464e-05 2.207e-05 3.540e-05 1.354e-04
1.307e+03 4.046e-05 3.241e-05 2.059e-05 3.306e-05 1.265e-04
1.340e+03 3.786e-05 3.032e-05 1.921e-05 3.086e-05 1.183e-04
1.374e+03 3.542e-05 2.838e-05 1.793e-05 2.882e-05 1.105e-04
1.410e+03 3.315e-05 2.655e-05 1.673e-05 2.690e-05 1.033e-04
1.446e+03 3.102e-05 2.485e-05 1.561e-05 2.511e-05 9.660e-05
1.483e+03 2.903e-05 2.326e-05 1.457e-05 2.344e-05 9.030e-05
1.521e+03 2.717e-05 2.177e-05 1.360e-05 2.188e-05 8.442e-05
1.560e+03 2.543e-05 2.037e-05 1.269e-05 2.042e-05 7.892e-05
1.600e+03 2.380e-05 1.907e-05 1.185e-05 1.906e-05 7.378e-05
1.641e+03 2.228e-05 1.785e-05 1.106e-05 1.778e-05 6.898e-05
1.684e+03 2.086e-05 1.671e-05 1.033e-05 1.660e-05 6.449e-05
1.727e+03 1.953e-05 1.564e-05 9.642e-06 1.549e-05 6.030e-05
1.771e+03 1.828e-05 1.465e-05 9.003e-06 1.445e-05 5.638e-05
1.817e+03 1.711e-05 1.371e-05 8.407e-06 1.348e-05 5.272e-05
1.863e+03 1.602e-05 1.284e-05 7.851e-06 1.258e-05 4.930e-05
1.911e+03 1.500e-05 1.202e-05 7.332e-06 1.174e-05 4.610e-05
1.960e+03 1.405e-05 1.126e-05 6.848e-06 1.096e-05 4.311e-05
2.010e+03 1.316e-05 1.054e-05 6.397e-06 1.022e-05 4.032e-05
2.062e+03 1.232e-05 9.871e-06 5.975e-06 9.543e-06 3.771e-05
2.115e+03 1.154e-05 9.244e-06 5.582e-06 8.908e-06 3.527e-05
2.169e+03 1.081e-05 8.657e-06 5.216e-06 8.314e-06 3.299e-05
2.225e+03 1.012e-05 8.108e-06 4.873e-06 7.762e-06 3.087e-05
2.282e+03 9.481e-06 7.594e-06 4.554e-06 7.246e-06 2.888e-05
2.341e+03 8.881e-06 7.114e-06 4.256e-06 6.766e-06 2.702e-05
2.401e+03 8.319e-06 6.664e-06 3.978e-06 6.319e-06 2.528e-05
2.463e+03 7.793e-06 6.243e-06 3.718e-06 5.902e-06 2.366e-05
2.526e+03 7.301e-06 5.849e-06 3.475e-06 5.514e-06 2.214e-05
2.591e+03 6.840e-06 5.481e-06 3.249e-06 5.152e-06 2.072e-05
2.657e+03 6.408e-06 5.136e-06 3.037e-06 4.814e-06 1.940e-05
2.725e+03 6.004e-06 4.814e-06 2.840e-06 4.498e-06 1.816e-05
2.795e+03 5.626e-06 4.512e-06 2.655e-06 4.202e-06 1.700e-05
2.867e+03 5.272e-06 4.229e-06 2.483e-06 3.926e-06 1.591e-05
2.941e+03 4.940e-06 3.965e-06 2.322e-06 3.668e-06 1.490e-05
3.016e+03 4.629e-06 3.717e-06 2.172e-06 3.427e-06 1.395e-05
3.094e+03 4.338e-06 3.486e-06 2.032e-06 3.202e-06 1.306e-05
3.173e+03 4.066e-06 3.269e-06 1.901e-06 2.991e-06 1.223e-05
3.255e+03 3.810e-06 3.066e-06 1.778e-06 2.795e-06 1.145e-05
3.338e+03 3.571e-06 2.876e-06 1.664e-06 2.611e-06 1.072e-05
3.424e+03 3.347e-06 2.698e-06 1.557e-06 2.439e-06 1.004e-05
3.512e+03 3.137e-06 2.531e-06 1.457e-06 2.279e-06 9.403e-06
3.602e+03 2.940e-06 2.375e-06 1.363e-06 2.129e-06 8.807e-06
3.695e+03 2.756e-06 2.228e-06 1.276e-06 1.989e-06 8.249e-06
3.789e+03 2.583e-06 2.091e-06 1.194e-06 1.858e-06 7.726e-06
3.887e+03 2.421e-06 1.963e-06 1.118e-06 1.736e-06 7.237e-06
3.987e+03 2.269e-06 1.843e-06 1.046e-06 1.621e-06 6.779e-06
4.089e+03 2.126e-06 1.730e-06 9.794e-07 1.515e-06 6.351e-06
4.194e+03 1.992e-06 1.625e-06 9.170e-07 1.415e-06 5.949e-06
4.302e+03 1.867e-06 1.526e-06 8.586e-07 1.322e-06 5.573e-06
4.412e+03 1.749e-06 1.433e-06 8.040e-07 1.235e-06 5.222e-06
4.525e+03 1.639e-06 1.346e-06 7.529e-07 1.154e-06 4.892e-06
4.642e+03 1.536e-06 1.264e-06 7.051e-07 1.078e-06 4.583e-06
4.761e+03 1.439e-06 1.188e-06 6.604e-07 1.007e-06 4.294e-06
4.883e+03 1.348e-06 1.116e-06 6.185e-07 9.412e-07 4.024e-06
5.008e+03 1.262e-06 1.049e-06 5.794e-07 8.794e-07 3.770e-06
5.137e+03 1.182e-06 9.858e-07 5.427e-07 8.216e-07 3.532e-06
5.269e+03 1.107e-06 9.266e-07 5.085e-07 7.677e-07 3.310e-06
5.404e+03 1.037e-06 8.711e-07 4.764e-07 7.173e-07 3.102e-06
5.543e+03 9.708e-07 8.189e-07 4.463e-07 6.703e-07 2.906e-06
5.685e+03 9.089e-07 7.700e-07 4.182e-07 6.263e-07 2.723e-06
5.831e+03 8.509e-07 7.240e-07 3.919e-07 5.853e-07 2.552e-06
5.981e+03 7.964e-07 6.809e-07 3.672e-07 5.469e-07 2.391e-06
6.135e+03 7.454e-07 6.404e-07 3.442e-07 5.111e-07 2.241e-06
6.292e+03 6.976e-07 6.023e-07 3.225e-07 4.776e-07 2.100e-06
6.454e+03 6.527e-07 5.666e-07 3.023e-07 4.464e-07 1.968e-06
6.619e+03 6.107e-07 5.330e-07 2.834e-07 4.172e-07 1.844e-06
6.789e+03 5.713e-07 5.015e-07 2.656e-07 3.899e-07 1.728e-06
6.964e+03 5.344e-07 4.719e-07 2.490e-07 3.644e-07 1.620e-06
7.143e+03 4.998e-07 4.440e-07 2.334e-07 3.406e-07 1.518e-06
7.326e+03 4.674e-07 4.178e-07 2.188e-07 3.184e-07 1.422e-06
7.514e+03 4.370e-07 3.931e-07 2.052e-07 2.976e-07 1.333e-06
7.707e+03 4.085e-07 3.700e-07 1.924e-07 2.782e-07 1.249e-06
7.905e+03 3.819e-07 3.481e-07 1.804e-07 2.600e-07 1.170e-06
8.108e+03 3.569e-07 3.276e-07 1.691e-07 2.431e-07 1.097e-06
8.316e+03 3.335e-07 3.083e-07 1.586e-07 2.272e-07 1.028e-06
8.530e+03 3.116e-07 2.901e-07 1.487e-07 2.124e-07 9.629e-07
8.749e+03 2.911e-07 2.730e-07 1.395e-07 1.986e-07 9.022e-07
8.973e+03 2.719e-07 2.569e-07 1.308e-07 1.857e-07 8.453e-07
9.204e+03 2.540e-07 2.418e-07 1.227e-07 1.736e-07 7.920e-07
9.440e+03 2.372e-07 2.275e-07 1.150e-07 1.623e-07 7.420e-07
9.682e+03 2.214e-07 2.141e-07 1.079e-07 1.518e-07 6.952e-07
9.931e+03 2.067e-07 2.014e-07 1.012e-07 1.419e-07 6.513e-07
1.019e+04 1.929e-07 1.895e-07 9.494e-08 1.327e-07 6.101e-07
1.045e+04 1.801e-07 1.783e-07 8.907e-08 1.241e-07 5.715e-07
1.072e+04 1.680e-07 1.677e-07 8.356e-08 1.161e-07 5.353e-07
1.099e+04 1.568e-07 1.578e-07 7.839e-08 1.085e-07 5.015e-07
1.127e+04 1.462e-07 1.484e-07 7.355e-08 1.015e-07 4.697e-07
1.156e+04 1.364e-07 1.396e-07 6.901e-08 9.493e-08 4.399e-07
1.186e+04 1.272e-07 1.313e-07 6.475e-08 8.879e-08 4.121e-07
1.216e+04 1.187e-07 1.235e-07 6.076e-08 8.305e-08 3.859e-07
1.248e+04 1.107e-07 1.161e-07 5.701e-08 7.768e-08 3.615e-07
1.280e+04 1.032e-07 1.092e-07 5.350e-08 7.266e-08 3.386e-07
1.313e+04 9.622e-08 1.027e-07 5.022e-08 6.797e-08 3.171e-07
1.346e+04 8.972e-08 9.653e-08 4.713e-08 6.358e-08 2.970e-07
1.381e+04 8.365e-08 9.075e-08 4.424e-08 5.948e-08 2.781e-07
1.416e+04 7.799e-08 8.531e-08 4.153e-08 5.565e-08 2.605e-07
1.453e+04 7.272e-08 8.018e-08 3.899e-08 5.206e-08 2.439e-07
1.490e+04 6.780e-08 7.536e-08 3.660e-08 4.871e-08 2.285e-07
1.528e+04 6.321e-08 7.082e-08 3.436e-08 4.557e-08 2.140e-07
1.567e+04 5.893e-08 6.655e-08 3.226e-08 4.264e-08 2.004e-07
1.608e+04 5.495e-08 6.253e-08 3.028e-08 3.989e-08 1.877e-07
1.649e+04 5.123e-08 5.875e-08 2.843e-08 3.733e-08 1.757e-07
1.691e+04 4.777e-08 5.519e-08 2.670e-08 3.493e-08 1.646e-07
1.735e+04 4.454e-08 5.184e-08 2.507e-08 3.269e-08 1.541e-07
1.779e+04 4.154e-08 4.870e-08 2.354e-08 3.059e-08 1.444e-07
1.825e+04 3.873e-08 4.573e-08 2.211e-08 2.863e-08 1.352e-07
1.872e+04 3.612e-08 4.295e-08 2.076e-08 2.679e-08 1.266e-07
1.920e+04 3.369e-08 4.033e-08 1.950e-08 2.507e-08 1.186e-07
1.969e+04 3.142e-08 3.786e-08 1.831e-08 2.347e-08 1.111e-07
2.020e+04 2.931e-08 3.554e-08 1.720e-08 2.196e-08 1.040e-07
2.072e+04 2.734e-08 3.337e-08 1.615e-08 2.056e-08 9.742e-08
2.125e+04 2.551e-08 3.132e-08 1.517e-08 1.924e-08 9.124e-08
2.179e+04 2.380e-08 2.939e-08 1.425e-08 1.801e-08 8.546e-08
2.235e+04 2.221e-08 2.758e-08 1.338e-08 1.686e-08 8.004e-08
2.293e+04 2.073e-08 2.588e-08 1.257e-08 1.578e-08 7.496e-08
2.352e+04 1.935e-08 2.428e-08 1.181e-08 1.478e-08 7.021e-08
2.412e+04 1.806e-08 2.278e-08 1.109e-08 1.383e-08 6.577e-08
2.474e+04 1.686e-08 2.137e-08 1.042e-08 1.295e-08 6.160e-08
2.537e+04 1.574e-08 2.005e-08 9.788e-09 1.212e-08 5.770e-08
2.603e+04 1.470e-08 1.880e-08 9.195e-09 1.135e-08 5.404e-08
2.669e+04 1.373e-08 1.763e-08 8.639e-09 1.063e-08 5.062e-08
2.738e+04 1.282e-08 1.653e-08 8.116e-09 9.949e-09 4.742e-08
2.808e+04 1.198e-08 1.550e-08 7.624e-09 9.315e-09 4.442e-08
2.880e+04 1.119e-08 1.453e-08 7.163e-09 8.721e-09 4.161e-08
2.954e+04 1.046e-08 1.362e-08 6.730e-09 8.165e-09 3.898e-08
3.030e+04 9.772e-09 1.277e-08 6.323e-09 7.645e-09 3.651e-08
3.108e+04 9.134e-09 1.197e-08 5.941e-09 7.157e-09 3.420e-08
3.188e+04 8.538e-09 1.122e-08 5.582e-09 6.701e-09 3.204e-08
3.270e+04 7.983e-09 1.051e-08 5.244e-09 6.274e-09 3.001e-08
3.354e+04 7.465e-09 9.850e-09 4.927e-09 5.874e-09 2.812e-08
3.440e+04 6.982e-09 9.229e-09 4.630e-09 5.499e-09 2.634e-08
3.528e+04 6.530e-09 8.647e-09 4.350e-09 5.148e-09 2.467e-08
3.619e+04 6.108e-09 8.100e-09 4.087e-09 4.820e-09 2.312e-08
3.712e+04 5.714e-09 7.587e-09 3.840e-09 4.512e-09 2.165e-08
3.807e+04 5.345e-09 7.106e-09 3.608e-09 4.224e-09 2.028e-08
3.905e+04 5.001e-09 6.655e-09 3.391e-09 3.955e-09 1.900e-08
4.005e+04 4.679e-09 6.232e-09 3.186e-09 3.702e-09 1.780e-08
4.108e+04 4.378e-09 5.835e-09 2.994e-09 3.466e-09 1.667e-08
4.213e+04 4.096e-09 5.464e-09 2.813e-09 3.244e-09 1.562e-08
4.322e+04 3.832e-09 5.115e-09 2.643e-09 3.037e-09 1.463e-08
4.432e+04 3.585e-09 4.788e-09 2.483e-09 2.842e-09 1.370e-08
4.546e+04 3.354e-09 4.482e-09 2.333e-09 2.660e-09 1.283e-08
4.663e+04 3.138e-09 4.195e-09 2.193e-09 2.490e-09 1.202e-08
4.783e+04 2.936e-09 3.926e-09 2.060e-09 2.331e-09 1.125e-08
4.906e+04 2.746e-09 3.674e-09 1.936e-09 2.181e-09 1.054e-08
5.032e+04 2.569e-09 3.438e-09 1.819e-09 2.042e-09 9.867e-09
5.161e+04 2.403e-09 3.217e-09 1.709e-09 1.911e-09 9.239e-09
5.293e+04 2.247e-09 3.010e-09 1.606e-09 1.788e-09 8.651e-09
5.429e+04 2.102e-09 2.816e-09 1.509e-09 1.673e-09 8.099e-09
5.569e+04 1.965e-09 2.634e-09 1.418e-09 1.566e-09 7.582e-09
5.712e+04 1.837e-09 2.464e-09 1.332e-09 1.465e-09 7.098e-09
5.858e+04 1.718e-09 2.304e-09 1.251e-09 1.371e-09 6.644e-09
6.009e+04 1.606e-09 2.155e-09 1.176e-09 1.283e-09 6.219e-09
6.163e+04 1.501e-09 2.015e-09 1.105e-09 1.200e-09 5.821e-09
6.321e+04 1.403e-09 1.884e-09 1.038e-09 1.123e-09 5.448e-09
6.484e+04 1.311e-09 1.762e-09 9.753e-10 1.050e-09 5.098e-09
6.650e+04 1.225e-09 1.647e-09 9.163e-10 9.825e-10 4.771e-09
6.821e+04 1.144e-09 1.540e-09 8.609e-10 9.191e-10 4.464e-09
6.996e+04 1.068e-09 1.440e-09 8.088e-10 8.597e-10 4.177e-09
7.176e+04 9.978e-10 1.346e-09 7.599e-10 8.042e-10 3.907e-09
7.360e+04 9.316e-10 1.258e-09 7.139e-10 7.521e-10 3.655e-09
7.549e+04 8.697e-10 1.175e-09 6.707e-10 7.035e-10 3.419e-09
7.743e+04 8.118e-10 1.098e-09 6.301e-10 6.579e-10 3.198e-09
7.941e+04 7.576e-10 1.026e-09 5.920e-10 6.153e-10 2.991e-09
8.145e+04 7.068e-10 9.591e-10 5.561e-10 5.753e-10 2.797e-09
8.355e+04 6.594e-10 8.961e-10 5.224e-10 5.380e-10 2.616e-09
8.569e+04 6.150e-10 8.372e-10 4.907e-10 5.031e-10 2.446e-09
8.789e+04 5.735e-10 7.821e-10 4.609e-10 4.704e-10 2.287e-09
9.015e+04 5.347e-10 7.306e-10 4.330e-10 4.398e-10 2.138e-09
9.246e+04 4.984e-10 6.824e-10 4.067e-10 4.112e-10 1.999e-09
9.484e+04 4.644e-10 6.374e-10 3.820e-10 3.844e-10 1.868e-09
9.727e+04 4.327e-10 5.952e-10 3.587e-10 3.593e-10 1.746e-09
9.977e+04 4.031e-10 5.559e-10 3.369e-10 3.359e-10 1.632e-09
1.023e+05 3.754e-10 5.191e-10 3.164e-10 3.137e-10 1.525e-09
1.050e+05 3.495e-10 4.847e-10 2.971e-10 2.929e-10 1.424e-09
1.077e+05 3.254e-10 4.525e-10 2.789e-10 2.736e-10 1.330e-09
1.104e+05 3.029e-10 4.225e-10 2.619e-10 2.554e-10 1.243e-09
1.133e+05 2.818e-10 3.944e-10 2.459e-10 2.385e-10 1.161e-09
1.162e+05 2.622e-10 3.682e-10 2.308e-10 2.227e-10 1.084e-09
1.191e+05 2.440e-10 3.437e-10 2.167e-10 2.079e-10 1.012e-09
1.222e+05 2.270e-10 3.208e-10 2.034e-10 1.939e-10 9.450e-10
1.253e+05 2.111e-10 2.994e-10 1.909e-10 1.808e-10 8.821e-10
1.286e+05 1.964e-10 2.794e-10 1.791e-10 1.685e-10 8.234e-10
1.319e+05 1.826e-10 2.607e-10 1.681e-10 1.571e-10 7.685e-10
1.352e+05 1.698e-10 2.433e-10 1.577e-10 1.464e-10 7.172e-10
1.387e+05 1.579e-10 2.270e-10 1.480e-10 1.365e-10 6.694e-10
1.423e+05 1.469e-10 2.118e-10 1.388e-10 1.271e-10 6.246e-10
1.459e+05 1.366e-10 1.976e-10 1.302e-10 1.183e-10 5.827e-10
1.497e+05 1.270e-10 1.843e-10 1.222e-10 1.101e-10 5.436e-10
1.535e+05 1.181e-10 1.719e-10 1.146e-10 1.025e-10 5.071e-10
1.575e+05 1.098e-10 1.604e-10 1.075e-10 9.537e-11 4.730e-10
1.615e+05 1.022e-10 1.496e-10 1.008e-10 8.874e-11 4.413e-10
1.657e+05 9.502e-11 1.395e-10 9.450e-11 8.257e-11 4.116e-10
1.699e+05 8.839e-11 1.301e-10 8.860e-11 7.681e-11 3.839e-10
1.743e+05 8.222e-11 1.213e-10 8.306e-11 7.145e-11 3.581e-10
1.788e+05 7.650e-11 1.131e-10 7.787e-11 6.646e-11 3.340e-10
1.833e+05 7.118e-11 1.055e-10 7.299e-11 6.182e-11 3.115e-10
1.881e+05 6.624e-11 9.834e-11 6.841e-11 5.749e-11 2.905e-10
1.929e+05 6.165e-11 9.169e-11 6.411e-11 5.346e-11 2.709e-10
1.978e+05 5.738e-11 8.547e-11 6.007e-11 4.971e-11 2.526e-10
2.029e+05 5.342e-11 7.968e-11 5.629e-11 4.621e-11 2.356e-10
2.081e+05 4.975e-11 7.427e-11 5.273e-11 4.296e-11 2.197e-10
2.135e+05 4.633e-11 6.923e-11 4.940e-11 3.994e-11 2.049e-10
2.189e+05 4.316e-11 6.452e-11 4.627e-11 3.712e-11 1.911e-10
2.246e+05 4.021e-11 6.014e-11 4.334e-11 3.450e-11 1.782e-10
2.303e+05 3.747e-11 5.605e-11 4.059e-11 3.206e-11 1.662e-10
2.363e+05 3.493e-11 5.223e-11 3.801e-11 2.979e-11 1.550e-10
2.423e+05 3.257e-11 4.867e-11 3.558e-11 2.768e-11 1.445e-10
2.485e+05 3.037e-11 4.536e-11 3.329e-11 2.572e-11 1.347e-10
2.549e+05 2.833e-11 4.227e-11 3.115e-11 2.389e-11 1.256e-10
2.615e+05 2.643e-11 3.939e-11 2.914e-11 2.219e-11 1.172e-10
2.682e+05 2.467e-11 3.670e-11 2.725e-11 2.062e-11 1.092e-10
2.751e+05 2.303e-11 3.420e-11 2.549e-11 1.915e-11 1.019e-10
2.821e+05 2.150e-11 3.187e-11 2.383e-11 1.778e-11 9.499e-11
2.894e+05 2.009e-11 2.970e-11 2.228e-11 1.651e-11 8.858e-11
2.968e+05 1.877e-11 2.767e-11 2.083e-11 1.533e-11 8.260e-11
3.044e+05 1.754e-11 2.579e-11 1.947e-11 1.423e-11 7.703e-11
3.122e+05 1.640e-11 2.403e-11 1.820e-11 1.321e-11 7.184e-11
3.203e+05 1.533e-11 2.239e-11 1.701e-11 1.227e-11 6.700e-11
3.285e+05 1.434e-11 2.087e-11 1.589e-11 1.139e-11 6.249e-11
3.369e+05 1.342e-11 1.945e-11 1.485e-11 1.057e-11 5.828e-11
3.456e+05 1.256e-11 1.812e-11 1.387e-11 9.808e-12 5.436e-11
3.544e+05 1.176e-11 1.689e-11 1.295e-11 9.101e-12 5.070e-11
3.635e+05 1.101e-11 1.574e-11 1.210e-11 8.445e-12 4.729e-11
3.729e+05 1.032e-11 1.467e-11 1.130e-11 7.836e-12 4.412e-11
3.825e+05 9.664e-12 1.367e-11 1.055e-11 7.270e-12 4.115e-11
3.923e+05 9.055e-12 1.274e-11 9.845e-12 6.745e-12 3.839e-11
4.024e+05 8.487e-12 1.188e-11 9.189e-12 6.257e-12 3.581e-11
4.127e+05 7.955e-12 1.107e-11 8.576e-12 5.804e-12 3.341e-11
4.233e+05 7.458e-12 1.032e-11 8.003e-12 5.383e-12 3.117e-11
4.341e+05 6.993e-12 9.621e-12 7.467e-12 4.992e-12 2.907e-11
4.453e+05 6.559e-12 8.970e-12 6.966e-12 4.630e-12 2.712e-11
4.567e+05 6.152e-12 8.363e-12 6.498e-12 4.293e-12 2.531e-11
4.685e+05 5.771e-12 7.797e-12 6.061e-12 3.981e-12 2.361e-11
4.805e+05 5.414e-12 7.270e-12 5.652e-12 3.691e-12 2.203e-11
4.928e+05 5.079e-12 6.780e-12 5.270e-12 3.422e-12 2.055e-11
5.055e+05 4.766e-12 6.322e-12 4.913e-12 3.173e-12 1.917e-11
5.185e+05 4.473e-12 5.896e-12 4.580e-12 2.941e-12 1.789e-11
5.318e+05 4.198e-12 5.499e-12 4.269e-12 2.726e-12 1.669e-11
5.454e+05 3.940e-12 5.129e-12 3.979e-12 2.527e-12 1.557e-11
5.594e+05 3.698e-12 4.785e-12 3.707e-12 2.342e-12 1.453e-11
5.738e+05 3.471e-12 4.463e-12 3.454e-12 2.170e-12 1.356e-11
5.885e+05 3.258e-12 4.164e-12 3.218e-12 2.011e-12 1.265e-11
6.036e+05 3.059e-12 3.885e-12 2.997e-12 1.864e-12 1.180e-11
6.191e+05 2.872e-12 3.625e-12 2.791e-12 1.727e-12 1.101e-11
6.350e+05 2.696e-12 3.383e-12 2.599e-12 1.600e-12 1.028e-11
6.513e+05 2.531e-12 3.157e-12 2.420e-12 1.482e-12 9.590e-12
6.681e+05 2.376e-12 2.946e-12 2.253e-12 1.373e-12 8.949e-12
6.852e+05 2.231e-12 2.750e-12 2.097e-12 1.272e-12 8.350e-12
7.028e+05 2.094e-12 2.567e-12 1.952e-12 1.178e-12 7.791e-12
7.209e+05 1.966e-12 2.396e-12 1.817e-12 1.091e-12 7.270e-12
7.394e+05 1.846e-12 2.237e-12 1.690e-12 1.011e-12 6.784e-12
7.584e+05 1.733e-12 2.088e-12 1.573e-12 9.362e-13 6.330e-12
7.778e+05 1.626e-12 1.950e-12 1.463e-12 8.670e-13 5.906e-12
7.978e+05 1.527e-12 1.820e-12 1.361e-12 8.029e-13 5.511e-12
8.183e+05 1.433e-12 1.700e-12 1.266e-12 7.434e-13 5.142e-12
8.393e+05 1.345e-12 1.587e-12 1.177e-12 6.884e-13 4.798e-12
8.609e+05 1.263e-12 1.482e-12 1.095e-12 6.373e-13 4.477e-12
8.830e+05 1.185e-12 1.384e-12 1.018e-12 5.900e-13 4.177e-12
9.056e+05 1.112e-12 1.293e-12 9.460e-13 5.462e-13 3.897e-12
9.289e+05 1.044e-12 1.207e-12 8.794e-13 5.056e-13 3.636e-12
9.528e+05 9.798e-13 1.128e-12 8.174e-13 4.680e-13 3.393e-12
9.772e+05 9.194e-13 1.053e-12 7.597e-13 4.332e-13 3.165e-12
1.002e+06 8.627e-13 9.837e-13 7.060e-13 4.009e-13 2.953e-12
1.028e+06 8.095e-13 9.189e-13 6.560e-13 3.711e-13 2.755e-12
1.054e+06 7.595e-13 8.583e-13 6.095e-13 3.434e-13 2.571e-12
1.082e+06 7.125e-13 8.018e-13 5.663e-13 3.178e-13 2.398e-12
1.109e+06 6.684e-13 7.490e-13 5.261e-13 2.941e-13 2.238e-12
1.138e+06 6.269e-13 6.997e-13 4.888e-13 2.721e-13 2.087e-12
1.167e+06 5.879e-13 6.536e-13 4.540e-13 2.517e-13 1.947e-12
1.197e+06 5.512e-13 6.106e-13 4.217e-13 2.329e-13 1.817e-12
1.228e+06 5.168e-13 5.705e-13 3.917e-13 2.155e-13 1.694e-12
1.259e+06 4.844e-13 5.330e-13 3.638e-13 1.993e-13 1.581e-12
1.292e+06 4.540e-13 4.979e-13 3.379e-13 1.844e-13 1.474e-12
1.325e+06 4.254e-13 4.652e-13 3.138e-13 1.706e-13 1.375e-12
1.359e+06 3.985e-13 4.346e-13 2.914e-13 1.578e-13 1.282e-12
1.394e+06 3.733e-13 4.060e-13 2.706e-13 1.460e-13 1.196e-12
1.429e+06 3.496e-13 3.793e-13 2.512e-13 1.350e-13 1.115e-12
1.466e+06 3.273e-13 3.544e-13 2.333e-13 1.249e-13 1.040e-12
1.504e+06 3.063e-13 3.311e-13 2.166e-13 1.155e-13 9.696e-13
1.542e+06 2.867e-13 3.094e-13 2.011e-13 1.068e-13 9.040e-13
1.582e+06 2.682e-13 2.890e-13 1.867e-13 9.880e-14 8.428e-13
1.623e+06 2.509e-13 2.700e-13 1.734e-13 9.138e-14 7.857e-13
1.664e+06 2.346e-13 2.523e-13 1.610e-13 8.451e-14 7.324e-13
1.707e+06 2.193e-13 2.357e-13 1.495e-13 7.816e-14 6.826e-13
1.751e+06 2.049e-13 2.202e-13 1.388e-13 7.229e-14 6.362e-13
1.796e+06 1.915e-13 2.057e-13 1.288e-13 6.687e-14 5.929e-13
1.842e+06 1.788e-13 1.922e-13 1.196e-13 6.185e-14 5.525e-13
1.889e+06 1.670e-13 1.796e-13 1.110e-13 5.721e-14 5.148e-13
1.938e+06 1.559e-13 1.678e-13 1.031e-13 5.292e-14 4.797e-13
1.987e+06 1.455e-13 1.567e-13 9.572e-14 4.895e-14 4.469e-13
2.038e+06 1.357e-13 1.464e-13 8.888e-14 4.528e-14 4.163e-13
2.091e+06 1.266e-13 1.368e-13 8.252e-14 4.189e-14 3.878e-13
2.145e+06 1.180e-13 1.278e-13 7.662e-14 3.876e-14 3.612e-13
2.200e+06 1.100e-13 1.194e-13 7.114e-14 3.586e-14 3.364e-13
2.256e+06 1.025e-13 1.115e-13 6.605e-14 3.318e-14 3.132e-13
2.314e+06 9.544e-14 1.041e-13 6.133e-14 3.071e-14 2.916e-13
2.373e+06 8.885e-14 9.726e-14 5.695e-14 2.842e-14 2.715e-13
2.434e+06 8.269e-14 9.082e-14 5.289e-14 2.630e-14 2.527e-13
2.497e+06 7.693e-14 8.480e-14 4.911e-14 2.435e-14 2.352e-13
2.561e+06 7.155e-14 7.916e-14 4.561e-14 2.254e-14 2.189e-13
2.627e+06 6.651e-14 7.389e-14 4.236e-14 2.087e-14 2.036e-13
2.694e+06 6.181e-14 6.896e-14 3.934e-14 1.932e-14 1.894e-13
2.763e+06 5.742e-14 6.435e-14 3.654e-14 1.789e-14 1.762e-13
2.834e+06 5.331e-14 6.004e-14 3.394e-14 1.657e-14 1.639e-13
2.907e+06 4.948e-14 5.601e-14 3.153e-14 1.535e-14 1.524e-13
2.982e+06 4.590e-14 5.224e-14 2.929e-14 1.422e-14 1.417e-13
3.058e+06 4.257e-14 4.871e-14 2.721e-14 1.318e-14 1.317e-13
3.137e+06 3.946e-14 4.541e-14 2.528e-14 1.222e-14 1.224e-13
3.217e+06 3.656e-14 4.232e-14 2.348e-14 1.133e-14 1.137e-13
3.300e+06 3.385e-14 3.944e-14 2.182e-14 1.050e-14 1.056e-13
3.385e+06 3.134e-14 3.674e-14 2.028e-14 9.741e-15 9.809e-14
3.472e+06 2.899e-14 3.422e-14 1.884e-14 9.037e-15 9.109e-14
3.561e+06 2.681e-14 3.186e-14 1.751e-14 8.385e-15 8.458e-14
3.652e+06 2.479e-14 2.966e-14 1.628e-14 7.783e-15 7.851e-14
3.746e+06 2.291e-14 2.760e-14 1.513e-14 7.226e-15 7.287e-14
3.842e+06 2.116e-14 2.568e-14 1.406e-14 6.711e-15 6.762e-14
3.941e+06 1.954e-14 2.389e-14 1.307e-14 6.234e-15 6.273e-14
4.042e+06 1.803e-14 2.221e-14 1.216e-14 5.793e-15 5.819e-14
4.146e+06 1.664e-14 2.064e-14 1.130e-14 5.384e-15 5.397e-14
4.252e+06 1.535e-14 1.918e-14 1.051e-14 5.006e-15 5.005e-14
4.362e+06 1.415e-14 1.782e-14 9.774e-15 4.657e-15 4.640e-14
4.474e+06 1.304e-14 1.655e-14 9.090e-15 4.333e-15 4.301e-14
4.588e+06 1.201e-14 1.536e-14 8.455e-15 4.033e-15 3.986e-14
4.706e+06 1.107e-14 1.425e-14 7.865e-15 3.755e-15 3.694e-14
4.827e+06 1.019e-14 1.322e-14 7.317e-15 3.497e-15 3.422e-14
4.951e+06 9.378e-15 1.226e-14 6.808e-15 3.258e-15 3.170e-14
5.078e+06 8.629e-15 1.136e-14 6.335e-15 3.037e-15 2.936e-14
5.209e+06 7.937e-15 1.053e-14 5.895e-15 2.832e-15 2.719e-14
5.342e+06 7.299e-15 9.748e-15 5.486e-15 2.642e-15 2.518e-14
5.479e+06 6.710e-15 9.023e-15 5.107e-15 2.465e-15 2.331e-14
5.620e+06 6.167e-15 8.349e-15 4.754e-15 2.301e-15 2.157e-14
5.764e+06 5.666e-15 7.721e-15 4.426e-15 2.149e-15 1.996e-14
5.913e+06 5.204e-15 7.137e-15 4.121e-15 2.007e-15 1.847e-14
6.064e+06 4.779e-15 6.594e-15 3.837e-15 1.876e-15 1.709e-14
6.220e+06 4.388e-15 6.089e-15 3.573e-15 1.754e-15 1.580e-14
6.380e+06 4.027e-15 5.620e-15 3.328e-15 1.641e-15 1.462e-14
6.544e+06 3.695e-15 5.184e-15 3.100e-15 1.535e-15 1.351e-14
6.712e+06 3.390e-15 4.779e-15 2.888e-15 1.437e-15 1.249e-14
6.884e+06 3.109e-15 4.404e-15 2.691e-15 1.345e-15 1.155e-14
7.061e+06 2.851e-15 4.056e-15 2.507e-15 1.260e-15 1.067e-14
7.242e+06 2.614e-15 3.734e-15 2.336e-15 1.181e-15 9.865e-15
7.428e+06 2.396e-15 3.436e-15 2.177e-15 1.107e-15 9.115e-15
7.619e+06 2.195e-15 3.159e-15 2.029e-15 1.038e-15 8.422e-15
7.814e+06 2.012e-15 2.904e-15 1.891e-15 9.739e-16 7.781e-15
8.015e+06 1.843e-15 2.668e-15 1.763e-15 9.140e-16 7.188e-15
8.221e+06 1.688e-15 2.450e-15 1.644e-15 8.580e-16 6.640e-15
8.432e+06 1.546e-15 2.249e-15 1.533e-15 8.058e-16 6.133e-15
8.648e+06 1.415e-15 2.064e-15 1.429e-15 7.570e-16 5.665e-15
8.870e+06 1.296e-15 1.893e-15 1.332e-15 7.114e-16 5.233e-15
9.098e+06 1.186e-15 1.735e-15 1.242e-15 6.687e-16 4.833e-15
9.332e+06 1.086e-15 1.590e-15 1.159e-15 6.288e-16 4.464e-15
9.572e+06 9.942e-16 1.456e-15 1.081e-15 5.915e-16 4.123e-15
9.817e+06 9.099e-16 1.334e-15 1.008e-15 5.565e-16 3.808e-15
1.007e+07 8.328e-16 1.220e-15 9.398e-16 5.238e-16 3.517e-15
1.033e+07 7.622e-16 1.117e-15 8.765e-16 4.931e-16 3.248e-15
1.059e+07 6.976e-16 1.021e-15 8.175e-16 4.644e-16 3.001e-15
1.087e+07 6.384e-16 9.335e-16 7.624e-16 4.374e-16 2.772e-15
1.114e+07 5.843e-16 8.531e-16 7.111e-16 4.121e-16 2.561e-15
1.143e+07 5.347e-16 7.794e-16 6.632e-16 3.884e-16 2.366e-15
1.172e+07 4.894e-16 7.117e-16 6.185e-16 3.661e-16 2.186e-15
1.202e+07 4.479e-16 6.498e-16 5.768e-16 3.451e-16 2.020e-15
1.233e+07 4.099e-16 5.930e-16 5.379e-16 3.254e-16 1.866e-15
1.265e+07 3.752e-16 5.411e-16 5.017e-16 3.069e-16 1.725e-15
1.298e+07 3.434e-16 4.935e-16 4.678e-16 2.895e-16 1.594e-15
1.331e+07 3.143e-16 4.500e-16 4.362e-16 2.731e-16 1.474e-15
1.365e+07 2.877e-16 4.102e-16 4.067e-16 2.576e-16 1.362e-15
1.400e+07 2.633e-16 3.739e-16 3.792e-16 2.431e-16 1.260e-15
1.436e+07 2.411e-16 3.407e-16 3.536e-16 2.294e-16 1.165e-15
1.473e+07 2.207e-16 3.104e-16 3.296e-16 2.165e-16 1.077e-15
1.511e+07 2.021e-16 2.827e-16 3.073e-16 2.043e-16 9.963e-16
1.549e+07 1.850e-16 2.575e-16 2.864e-16 1.927e-16 9.217e-16
1.589e+07 1.694e-16 2.344e-16 2.670e-16 1.819e-16 8.527e-16
1.630e+07 1.552e-16 2.134e-16 2.488e-16 1.716e-16 7.891e-16
1.672e+07 1.421e-16 1.943e-16 2.319e-16 1.619e-16 7.303e-16
1.715e+07 1.302e-16 1.769e-16 2.161e-16 1.528e-16 6.760e-16
1.759e+07 1.193e-16 1.611e-16 2.013e-16 1.441e-16 6.258e-16
1.804e+07 1.093e-16 1.466e-16 1.876e-16 1.360e-16 5.795e-16
1.850e+07 1.002e-16 1.335e-16 1.747e-16 1.282e-16 5.367e-16
1.898e+07 9.185e-17 1.216e-16 1.628e-16 1.209e-16 4.971e-16
1.947e+07 8.421e-17 1.107e-16 1.516e-16 1.140e-16 4.605e-16
1.997e+07 7.723e-17 1.008e-16 1.412e-16 1.075e-16 4.267e-16
2.048e+07 7.084e-17 9.188e-17 1.315e-16 1.013e-16 3.955e-16
2.100e+07 6.499e-17 8.373e-17 1.224e-16 9.550e-17 3.666e-16
2.154e+07 5.964e-17 7.633e-17 1.139e-16 8.998e-17 3.399e-16
2.210e+07 5.475e-17 6.960e-17 1.061e-16 8.477e-17 3.152e-16
2.266e+07 5.027e-17 6.349e-17 9.872e-17 7.984e-17 2.923e-16
2.325e+07 4.617e-17 5.792e-17 9.188e-17 7.518e-17 2.712e-16
2.384e+07 4.242e-17 5.287e-17 8.549e-17 7.078e-17 2.516e-16
2.446e+07 3.898e-17 4.827e-17 7.955e-17 6.662e-17 2.334e-16
2.508e+07 3.584e-17 4.408e-17 7.400e-17 6.269e-17 2.166e-16
2.573e+07 3.296e-17 4.027e-17 6.884e-17 5.898e-17 2.011e-16
2.639e+07 3.032e-17 3.681e-17 6.403e-17 5.547e-17 1.866e-16
2.707e+07 2.791e-17 3.365e-17 5.955e-17 5.216e-17 1.733e-16
2.776e+07 2.570e-17 3.078e-17 5.537e-17 4.903e-17 1.609e-16
2.847e+07 2.367e-17 2.816e-17 5.149e-17 4.607e-17 1.494e-16
2.921e+07 2.181e-17 2.578e-17 4.787e-17 4.328e-17 1.387e-16
2.996e+07 2.011e-17 2.360e-17 4.450e-17 4.065e-17 1.289e-16
3.072e+07 1.855e-17 2.162e-17 4.137e-17 3.816e-17 1.197e-16
3.151e+07 1.711e-17 1.981e-17 3.845e-17 3.581e-17 1.112e-16
3.232e+07 1.580e-17 1.817e-17 3.573e-17 3.359e-17 1.033e-16
3.315e+07 1.459e-17 1.666e-17 3.321e-17 3.149e-17 9.595e-17
3.400e+07 1.348e-17 1.529e-17 3.086e-17 2.952e-17 8.915e-17
3.488e+07 1.246e-17 1.403e-17 2.868e-17 2.765e-17 8.283e-17
3.577e+07 1.153e-17 1.289e-17 2.665e-17 2.590e-17 7.696e-17
3.669e+07 1.067e-17 1.184e-17 2.476e-17 2.424e-17 7.151e-17
3.763e+07 9.873e-18 1.089e-17 2.300e-17 2.268e-17 6.644e-17
3.860e+07 9.143e-18 1.001e-17 2.137e-17 2.121e-17 6.173e-17
3.959e+07 8.470e-18 9.209e-18 1.985e-17 1.983e-17 5.736e-17
4.061e+07 7.850e-18 8.477e-18 1.844e-17 1.853e-17 5.329e-17
4.165e+07 7.278e-18 7.806e-18 1.713e-17 1.730e-17 4.951e-17
4.272e+07 6.750e-18 7.191e-18 1.591e-17 1.615e-17 4.600e-17
4.382e+07 6.263e-18 6.627e-18 1.478e-17 1.507e-17 4.274e-17
4.494e+07 5.812e-18 6.111e-18 1.372e-17 1.406e-17 3.971e-17
4.610e+07 5.396e-18 5.637e-18 1.275e-17 1.310e-17 3.688e-17
4.728e+07 5.012e-18 5.202e-18 1.184e-17 1.221e-17 3.426e-17
4.849e+07 4.656e-18 4.802e-18 1.100e-17 1.137e-17 3.183e-17
4.974e+07 4.326e-18 4.436e-18 1.021e-17 1.059e-17 2.956e-17
5.102e+07 4.021e-18 4.099e-18 9.484e-18 9.852e-18 2.746e-17
5.233e+07 3.739e-18 3.789e-18 8.808e-18 9.163e-18 2.550e-17
5.367e+07 3.477e-18 3.504e-18 8.180e-18 8.519e-18 2.368e-17
5.505e+07 3.234e-18 3.241e-18 7.597e-18 7.917e-18 2.199e-17
5.646e+07 3.009e-18 3.000e-18 7.055e-18 7.354e-18 2.042e-17
5.791e+07 2.800e-18 2.777e-18 6.552e-18 6.828e-18 1.896e-17
5.940e+07 2.606e-18 2.572e-18 6.085e-18 6.337e-18 1.760e-17
6.092e+07 2.425e-18 2.383e-18 5.652e-18 5.879e-18 1.634e-17
6.249e+07 2.258e-18 2.208e-18 5.249e-18 5.451e-18 1.517e-17
6.409e+07 2.102e-18 2.047e-18 4.875e-18 5.053e-18 1.408e-17
6.574e+07 1.958e-18 1.899e-18 4.528e-18 4.681e-18 1.307e-17
6.743e+07 1.823e-18 1.761e-18 4.205e-18 4.335e-18 1.213e-17
6.916e+07 1.698e-18 1.634e-18 3.906e-18 4.013e-18 1.125e-17
7.093e+07 1.582e-18 1.517e-18 3.628e-18 3.714e-18 1.044e-17
7.275e+07 1.474e-18 1.408e-18 3.369e-18 3.435e-18 9.686e-18
7.462e+07 1.373e-18 1.308e-18 3.129e-18 3.175e-18 8.986e-18
7.654e+07 1.279e-18 1.215e-18 2.907e-18 2.934e-18 8.335e-18
7.850e+07 1.192e-18 1.129e-18 2.700e-18 2.710e-18 7.730e-18
8.052e+07 1.110e-18 1.049e-18 2.507e-18 2.502e-18 7.169e-18
8.259e+07 1.034e-18 9.746e-19 2.329e-18 2.309e-18 6.647e-18
8.471e+07 9.638e-19 9.059e-19 2.163e-18 2.130e-18 6.163e-18
8.688e+07 8.980e-19 8.421e-19 2.009e-18 1.964e-18 5.713e-18
8.911e+07 8.366e-19 7.829e-19 1.866e-18 1.811e-18 5.296e-18
9.140e+07 7.794e-19 7.280e-19 1.733e-18 1.668e-18 4.908e-18
9.375e+07 7.261e-19 6.770e-19 1.609e-18 1.537e-18 4.549e-18
9.616e+07 6.764e-19 6.296e-19 1.494e-18 1.415e-18 4.215e-18
9.863e+07 6.301e-19 5.855e-19 1.387e-18 1.302e-18 3.905e-18
1.012e+08 5.868e-19 5.446e-19 1.288e-18 1.198e-18 3.617e-18
1.038e+08 5.465e-19 5.065e-19 1.195e-18 1.102e-18 3.350e-18
1.064e+08 5.090e-19 4.711e-19 1.109e-18 1.014e-18 3.103e-18
1.092e+08 4.740e-19 4.381e-19 1.030e-18 9.318e-19 2.874e-18
1.120e+08 4.413e-19 4.075e-19 9.555e-19 8.565e-19 2.661e-18
1.148e+08 4.109e-19 3.790e-19 8.865e-19 7.871e-19 2.464e-18
1.178e+08 3.826e-19 3.524e-19 8.224e-19 7.232e-19 2.281e-18
1.208e+08 3.562e-19 3.277e-19 7.628e-19 6.643e-19 2.111e-18
1.239e+08 3.317e-19 3.048e-19 7.074e-19 6.101e-19 1.954e-18
1.271e+08 3.088e-19 2.833e-19 6.559e-19 5.603e-19 1.808e-18
1.304e+08 2.875e-19 2.634e-19 6.080e-19 5.145e-19 1.673e-18
1.337e+08 2.677e-19 2.449e-19 5.636e-19 4.723e-19 1.548e-18
1.371e+08 2.492e-19 2.276e-19 5.222e-19 4.336e-19 1.433e-18
1.407e+08 2.320e-19 2.115e-19 4.838e-19 3.980e-19 1.325e-18
1.443e+08 2.161e-19 1.965e-19 4.481e-19 3.653e-19 1.226e-18
1.480e+08 2.012e-19 1.826e-19 4.149e-19 3.352e-19 1.134e-18
1.518e+08 1.873e-19 1.696e-19 3.841e-19 3.076e-19 1.049e-18
1.557e+08 1.744e-19 1.575e-19 3.555e-19 2.823e-19 9.697e-19
1.597e+08 1.625e-19 1.462e-19 3.289e-19 2.590e-19 8.966e-19
1.638e+08 1.513e-19 1.357e-19 3.042e-19 2.377e-19 8.289e-19
1.680e+08 1.409e-19 1.259e-19 2.813e-19 2.181e-19 7.663e-19
1.723e+08 1.313e-19 1.168e-19 2.601e-19 2.001e-19 7.083e-19
1.767e+08 1.223e-19 1.084e-19 2.403e-19 1.836e-19 6.546e-19
1.812e+08 1.139e-19 1.005e-19 2.220e-19 1.684e-19 6.049e-19
1.859e+08 1.061e-19 9.316e-20 2.050e-19 1.546e-19 5.589e-19
1.907e+08 9.890e-20 8.633e-20 1.892e-19 1.418e-19 5.163e-19
1.956e+08 9.217e-20 7.998e-20 1.746e-19 1.301e-19 4.769e-19
2.006e+08 8.590e-20 7.408e-20 1.611e-19 1.194e-19 4.405e-19
2.057e+08 8.007e-20 6.858e-20 1.485e-19 1.096e-19 4.067e-19
2.110e+08 7.465e-20 6.347e-20 1.369e-19 1.006e-19 3.756e-19
2.164e+08 6.960e-20 5.873e-20 1.261e-19 9.230e-20 3.467e-19
2.220e+08 6.490e-20 5.432e-20 1.161e-19 8.472e-20 3.201e-19
2.277e+08 6.052e-20 5.023e-20 1.069e-19 7.776e-20 2.954e-19
2.335e+08 5.645e-20 4.643e-20 9.835e-20 7.139e-20 2.726e-19
2.395e+08 5.266e-20 4.291e-20 9.045e-20 6.555e-20 2.516e-19
2.457e+08 4.913e-20 3.964e-20 8.314e-20 6.019e-20 2.321e-19
2.520e+08 4.585e-20 3.662e-20 7.639e-20 5.528e-20 2.141e-19
2.585e+08 4.279e-20 3.382e-20 7.015e-20 5.077e-20 1.975e-19
2.651e+08 3.994e-20 3.122e-20 6.439e-20 4.664e-20 1.822e-19
2.719e+08 3.729e-20 2.882e-20 5.908e-20 4.286e-20 1.680e-19
2.789e+08 3.482e-20 2.660e-20 5.418e-20 3.938e-20 1.550e-19
2.861e+08 3.251e-20 2.455e-20 4.966e-20 3.619e-20 1.429e-19
2.934e+08 3.037e-20 2.265e-20 4.550e-20 3.326e-20 1.318e-19
3.009e+08 2.837e-20 2.089e-20 4.167e-20 3.057e-20 1.215e-19
3.087e+08 2.651e-20 1.927e-20 3.814e-20 2.810e-20 1.120e-19
3.166e+08 2.477e-20 1.777e-20 3.490e-20 2.583e-20 1.033e-19
3.247e+08 2.316e-20 1.639e-20 3.192e-20 2.374e-20 9.520e-20
3.331e+08 2.165e-20 1.511e-20 2.918e-20 2.182e-20 8.776e-20
3.416e+08 2.024e-20 1.393e-20 2.667e-20 2.006e-20 8.089e-20
3.504e+08 1.892e-20 1.284e-20 2.436e-20 1.844e-20 7.456e-20
3.594e+08 1.770e-20 1.184e-20 2.224e-20 1.694e-20 6.872e-20
3.686e+08 1.655e-20 1.091e-20 2.030e-20 1.557e-20 6.333e-20
3.781e+08 1.548e-20 1.006e-20 1.852e-20 1.430e-20 5.836e-20
3.878e+08 1.447e-20 9.270e-21 1.689e-20 1.314e-20 5.378e-20
3.977e+08 1.354e-20 8.544e-21 1.540e-20 1.207e-20 4.955e-20
4.080e+08 1.266e-20 7.876e-21 1.404e-20 1.109e-20 4.566e-20
4.184e+08 1.184e-20 7.260e-21 1.279e-20 1.018e-20 4.207e-20
4.292e+08 1.107e-20 6.692e-21 1.165e-20 9.344e-21 3.875e-20
4.402e+08 1.035e-20 6.170e-21 1.060e-20 8.575e-21 3.570e-20
4.515e+08 9.680e-21 5.688e-21 9.652e-21 7.868e-21 3.289e-20
4.631e+08 9.050e-21 5.245e-21 8.783e-21 7.217e-21 3.030e-20
4.750e+08 8.460e-21 4.837e-21 7.990e-21 6.618e-21 2.791e-20
4.872e+08 7.907e-21 4.461e-21 7.267e-21 6.067e-21 2.570e-20
4.997e+08 7.390e-21 4.115e-21 6.608e-21 5.561e-21 2.367e-20
5.125e+08 6.905e-21 3.797e-21 6.008e-21 5.095e-21 2.180e-20
5.257e+08 6.451e-21 3.504e-21 5.461e-21 4.666e-21 2.008e-20
5.392e+08 6.026e-21 3.234e-21 4.963e-21 4.272e-21 1.849e-20
5.530e+08 5.627e-21 2.986e-21 4.510e-21 3.910e-21 1.703e-20
5.672e+08 5.254e-21 2.757e-21 4.098e-21 3.577e-21 1.569e-20
5.818e+08 4.905e-21 2.547e-21 3.724e-21 3.271e-21 1.445e-20
5.967e+08 4.578e-21 2.354e-21 3.383e-21 2.990e-21 1.330e-20
6.120e+08 4.271e-21 2.175e-21 3.074e-21 2.732e-21 1.225e-20
6.278e+08 3.984e-21 2.011e-21 2.793e-21 2.495e-21 1.128e-20
6.439e+08 3.716e-21 1.860e-21 2.538e-21 2.278e-21 1.039e-20
6.604e+08 3.464e-21 1.721e-21 2.307e-21 2.078e-21 9.571e-21
6.774e+08 3.229e-21 1.593e-21 2.097e-21 1.895e-21 8.815e-21
6.948e+08 3.009e-21 1.475e-21 1.906e-21 1.728e-21 8.118e-21
7.126e+08 2.803e-21 1.367e-21 1.734e-21 1.574e-21 7.477e-21
7.309e+08 2.610e-21 1.266e-21 1.577e-21 1.433e-21 6.886e-21
7.497e+08 2.430e-21 1.174e-21 1.435e-21 1.304e-21 6.342e-21
7.689e+08 2.261e-21 1.088e-21 1.306e-21 1.185e-21 5.841e-21
7.887e+08 2.103e-21 1.010e-21 1.189e-21 1.077e-21 5.379e-21
8.089e+08 1.956e-21 9.369e-22 1.083e-21 9.780e-22 4.954e-21
8.297e+08 1.818e-21 8.697e-22 9.869e-22 8.874e-22 4.562e-21
8.510e+08 1.690e-21 8.076e-22 8.997e-22 8.046e-22 4.202e-21
8.729e+08 1.570e-21 7.501e-22 8.206e-22 7.289e-22 3.869e-21
8.953e+08 1.457e-21 6.970e-22 7.487e-22 6.599e-22 3.563e-21
9.183e+08 1.353e-21 6.479e-22 6.835e-22 5.969e-22 3.281e-21
9.418e+08 1.255e-21 6.024e-22 6.242e-22 5.395e-22 3.021e-21
9.660e+08 1.164e-21 5.603e-22 5.702e-22 4.872e-22 2.782e-21
9.908e+08 1.079e-21 5.213e-22 5.212e-22 4.397e-22 2.561e-21
1.016e+09 9.995e-22 4.852e-22 4.765e-22 3.965e-22 2.358e-21
1.042e+09 9.256e-22 4.517e-22 4.358e-22 3.572e-22 2.170e-21
1.069e+09 8.568e-22 4.207e-22 3.988e-22 3.216e-22 1.998e-21
1.097e+09 7.928e-22 3.919e-22 3.650e-22 2.893e-22 1.839e-21
1.125e+09 7.332e-22 3.652e-22 3.342e-22 2.600e-22 1.693e-21
1.154e+09 6.779e-22 3.404e-22 3.061e-22 2.334e-22 1.558e-21
1.183e+09 6.265e-22 3.173e-22 2.804e-22 2.094e-22 1.434e-21
1.214e+09 5.788e-22 2.959e-22 2.569e-22 1.878e-22 1.319e-21
1.245e+09 5.345e-22 2.760e-22 2.355e-22 1.682e-22 1.214e-21
1.277e+09 4.935e-22 2.576e-22 2.159e-22 1.505e-22 1.117e-21
1.310e+09 4.554e-22 2.404e-22 1.980e-22 1.345e-22 1.028e-21
1.343e+09 4.202e-22 2.244e-22 1.815e-22 1.202e-22 9.463e-22
1.378e+09 3.876e-22 2.095e-22 1.665e-22 1.073e-22 8.709e-22
1.413e+09 3.574e-22 1.957e-22 1.527e-22 9.562e-23 8.014e-22
1.449e+09 3.295e-22 1.828e-22 1.401e-22 8.517e-23 7.376e-22
1.487e+09 3.037e-22 1.708e-22 1.285e-22 7.579e-23 6.788e-22
1.525e+09 2.799e-22 1.596e-22 1.179e-22 6.737e-23 6.247e-22
1.564e+09 2.578e-22 1.492e-22 1.081e-22 5.983e-23 5.750e-22
1.604e+09 2.375e-22 1.395e-22 9.916e-23 5.307e-23 5.292e-22
1.645e+09 2.187e-22 1.304e-22 9.093e-23 4.702e-23 4.871e-22
1.687e+09 2.014e-22 1.220e-22 8.337e-23 4.162e-23 4.484e-22
1.731e+09 1.854e-22 1.141e-22 7.643e-23 3.679e-23 4.127e-22
1.775e+09 1.707e-22 1.067e-22 7.004e-23 3.248e-23 3.800e-22
1.821e+09 1.571e-22 9.985e-23 6.417e-23 2.864e-23 3.498e-22
1.868e+09 1.446e-22 9.344e-23 5.876e-23 2.523e-23 3.221e-22
1.916e+09 1.331e-22 8.746e-23 5.379e-23 2.219e-23 2.965e-22
1.965e+09 1.225e-22 8.186e-23 4.922e-23 1.949e-23 2.730e-22
2.015e+09 1.126e-22 7.664e-23 4.502e-23 1.709e-23 2.514e-22
2.067e+09 1.036e-22 7.176e-23 4.115e-23 1.497e-23 2.315e-22
2.120e+09 9.523e-23 6.719e-23 3.759e-23 1.309e-23 2.131e-22
2.174e+09 8.751e-23 6.293e-23 3.433e-23 1.144e-23 1.962e-22
2.230e+09 8.040e-23 5.894e-23 3.133e-23 9.973e-24 1.806e-22
2.287e+09 7.382e-23 5.521e-23 2.857e-23 8.684e-24 1.663e-22
2.346e+09 6.776e-23 5.172e-23 2.604e-23 7.551e-24 1.531e-22
2.406e+09 6.216e-23 4.846e-23 2.371e-23 6.556e-24 1.409e-22
2.468e+09 5.699e-23 4.541e-23 2.158e-23 5.684e-24 1.297e-22
2.532e+09 5.222e-23 4.256e-23 1.963e-23 4.922e-24 1.193e-22
2.597e+09 4.782e-23 3.989e-23 1.784e-23 4.256e-24 1.098e-22
2.663e+09 4.375e-23 3.739e-23 1.620e-23 3.676e-24 1.010e-22
2.732e+09 4.000e-23 3.505e-23 1.470e-23 3.172e-24 9.293e-23
2.802e+09 3.654e-23 3.286e-23 1.333e-23 2.733e-24 8.547e-23
2.874e+09 3.335e-23 3.082e-23 1.208e-23 2.353e-24 7.860e-23
2.948e+09 3.041e-23 2.890e-23 1.094e-23 2.023e-24 7.227e-23
3.023e+09 2.770e-23 2.710e-23 9.910e-24 1.738e-24 6.645e-23
3.101e+09 2.520e-23 2.542e-23 8.970e-24 1.491e-24 6.108e-23
3.181e+09 2.289e-23 2.384e-23 8.118e-24 1.278e-24 5.613e-23
3.262e+09 2.077e-23 2.237e-23 7.345e-24 1.095e-24 5.158e-23
3.346e+09 1.882e-23 2.098e-23 6.646e-24 9.365e-25 4.739e-23
3.432e+09 1.703e-23 1.969e-23 6.013e-24 8.007e-25 4.353e-23
3.520e+09 1.539e-23 1.847e-23 5.442e-24 6.841e-25 3.999e-23
3.610e+09 1.389e-23 1.734e-23 4.927e-24 5.842e-25 3.674e-23
3.703e+09 1.252e-23 1.627e-23 4.463e-24 4.987e-25 3.375e-23
3.798e+09 1.127e-23 1.527e-23 4.046e-24 4.257e-25 3.101e-23
3.896e+09 1.013e-23 1.434e-23 3.670e-24 3.634e-25 2.849e-23
3.996e+09 9.088e-24 1.346e-23 3.333e-24 3.103e-25 2.619e-23
4.098e+09 8.145e-24 1.264e-23 3.031e-24 2.653e-25 2.408e-23
4.204e+09 7.291e-24 1.187e-23 2.760e-24 2.270e-25 2.215e-23
4.312e+09 6.517e-24 1.115e-23 2.518e-24 1.946e-25 2.038e-23
4.422e+09 5.818e-24 1.048e-23 2.301e-24 1.672e-25 1.876e-23
4.536e+09 5.186e-24 9.846e-24 2.107e-24 1.440e-25 1.728e-23
4.652e+09 4.617e-24 9.255e-24 1.934e-24 1.245e-25 1.593e-23
4.772e+09 4.106e-24 8.701e-24 1.780e-24 1.081e-25 1.470e-23
4.894e+09 3.646e-24 8.183e-24 1.643e-24 9.434e-26 1.357e-23
5.020e+09 3.234e-24 7.698e-24 1.520e-24 8.277e-26 1.253e-23
5.149e+09 2.865e-24 7.243e-24 1.412e-24 7.308e-26 1.159e-23
5.281e+09 2.536e-24 6.817e-24 1.315e-24 6.496e-26 1.073e-23
5.417e+09 2.242e-24 6.417e-24 1.228e-24 5.815e-26 9.946e-24
5.556e+09 1.981e-24 6.043e-24 1.151e-24 5.245e-26 9.228e-24
5.698e+09 1.749e-24 5.692e-24 1.083e-24 4.767e-26 8.572e-24
5.845e+09 1.543e-24 5.363e-24 1.022e-24 4.364e-26 7.972e-24
5.995e+09 1.361e-24 5.055e-24 9.677e-25 4.023e-26 7.424e-24
6.149e+09 1.200e-24 4.765e-24 9.191e-25 3.734e-26 6.922e-24
6.307e+09 1.057e-24 4.494e-24 8.756e-25 3.486e-26 6.461e-24
6.469e+09 9.307e-25 4.239e-24 8.365e-25 3.271e-26 6.039e-24
6.635e+09 8.190e-25 3.999e-24 8.012e-25 3.084e-26 5.650e-24
6.805e+09 7.202e-25 3.773e-24 7.692e-25 2.918e-26 5.291e-24
6.980e+09 6.330e-25 3.559e-24 7.401e-25 2.770e-26 4.960e-24
7.159e+09 5.560e-25 3.356e-24 7.135e-25 2.635e-26 4.652e-24
7.343e+09 4.880e-25 3.164e-24 6.890e-25 2.510e-26 4.367e-24
7.531e+09 4.281e-25 2.982e-24 6.664e-25 2.394e-26 4.101e-24
7.725e+09 3.752e-25 2.809e-24 6.453e-25 2.284e-26 3.852e-24
7.923e+09 3.287e-25 2.644e-24 6.256e-25 2.179e-26 3.620e-24
8.127e+09 2.877e-25 2.488e-24 6.070e-25 2.078e-26 3.403e-24
8.335e+09 2.516e-25 2.339e-24 5.894e-25 1.979e-26 3.199e-24
8.549e+09 2.199e-25 2.196e-24 5.725e-25 1.884e-26 3.008e-24
8.769e+09 1.920e-25 2.061e-24 5.563e-25 1.791e-26 2.827e-24
8.994e+09 1.675e-25 1.932e-24 5.406e-25 1.700e-26 2.657e-24
9.225e+09 1.459e-25 1.810e-24 5.253e-25 1.612e-26 2.497e-24
9.462e+09 1.270e-25 1.693e-24 5.104e-25 1.527e-26 2.346e-24
9.705e+09 1.104e-25 1.582e-24 4.958e-25 1.444e-26 2.203e-24
9.954e+09 9.590e-26 1.476e-24 4.814e-25 1.363e-26 2.067e-24
1.021e+10 8.316e-26 1.376e-24 4.672e-25 1.286e-26 1.939e-24
1.047e+10 7.200e-26 1.281e-24 4.533e-25 1.211e-26 1.818e-24
1.074e+10 6.224e-26 1.190e-24 4.395e-25 1.139e-26 1.703e-24
1.102e+10 5.371e-26 1.104e-24 4.259e-25 1.071e-26 1.595e-24
1.130e+10 4.627e-26 1.023e-24 4.124e-25 1.005e-26 1.492e-24
1.159e+10 3.979e-26 9.463e-25 3.991e-25 9.426e-27 1.395e-24
1.189e+10 3.415e-26 8.737e-25 3.860e-25 8.834e-27 1.303e-24
1.219e+10 2.925e-26 8.055e-25 3.730e-25 8.273e-27 1.216e-24
1.251e+10 2.500e-26 7.416e-25 3.602e-25 7.744e-27 1.134e-24
1.283e+10 2.132e-26 6.817e-25 3.475e-25 7.249e-27 1.058e-24
1.316e+10 1.814e-26 6.258e-25 3.351e-25 6.785e-27 9.858e-25
1.349e+10 1.540e-26 5.738e-25 3.229e-25 6.355e-27 9.184e-25
1.384e+10 1.303e-26 5.254e-25 3.108e-25 5.956e-27 8.552e-25
1.420e+10 1.100e-26 4.805e-25 2.990e-25 5.588e-27 7.961e-25
1.456e+10 9.257e-27 4.389e-25 2.875e-25 5.251e-27 7.409e-25
1.493e+10 7.765e-27 4.005e-25 2.761e-25 4.943e-27 6.894e-25
1.532e+10 6.491e-27 3.651e-25 2.650e-25 4.665e-27 6.413e-25
1.571e+10 5.406e-27 3.325e-25 2.542e-25 4.415e-27 5.965e-25
1.611e+10 4.485e-27 3.025e-25 2.436e-25 4.191e-27 5.547e-25
1.653e+10 3.705e-27 2.749e-25 2.332e-25 3.992e-27 5.158e-25
1.695e+10 3.047e-27 2.497e-25 2.231e-25 3.817e-27 4.797e-25
1.739e+10 2.493e-27 2.266e-25 2.133e-25 3.663e-27 4.461e-25
1.783e+10 2.029e-27 2.055e-25 2.038e-25 3.529e-27 4.148e-25
1.829e+10 1.641e-27 1.863e-25 1.945e-25 3.413e-27 3.858e-25
1.876e+10 1.319e-27 1.687e-25 1.855e-25 3.313e-27 3.589e-25
1.924e+10 1.053e-27 1.528e-25 1.768e-25 3.225e-27 3.339e-25
1.974e+10 8.341e-28 1.383e-25 1.684e-25 3.147e-27 3.106e-25
2.024e+10 6.548e-28 1.252e-25 1.602e-25 3.078e-27 2.891e-25
2.076e+10 5.092e-28 1.133e-25 1.523e-25 3.016e-27 2.691e-25
2.130e+10 3.916e-28 1.025e-25 1.447e-25 2.959e-27 2.505e-25
2.184e+10 2.975e-28 9.270e-26 1.373e-25 2.907e-27 2.332e-25
2.241e+10 2.228e-28 8.385e-26 1.302e-25 2.857e-27 2.172e-25
2.298e+10 1.642e-28 7.583e-26 1.234e-25 2.808e-27 2.022e-25
2.357e+10 1.187e-28 6.857e-26 1.168e-25 2.758e-27 1.883e-25
2.418e+10 8.392e-29 6.199e-26 1.105e-25 2.708e-27 1.753e-25
2.480e+10 5.775e-29 5.604e-26 1.044e-25 2.655e-27 1.632e-25
2.543e+10 3.847e-29 5.065e-26 9.858e-26 2.599e-27 1.519e-25
2.609e+10 2.459e-29 4.577e-26 9.298e-26 2.541e-27 1.413e-25
2.676e+10 1.492e-29 4.136e-26 8.762e-26 2.479e-27 1.315e-25
2.744e+10 8.440e-30 3.736e-26 8.248e-26 2.413e-27 1.223e-25
2.815e+10 4.331e-30 3.375e-26 7.755e-26 2.343e-27 1.136e-25
2.887e+10 1.921e-30 3.048e-26 7.284e-26 2.271e-27 1.056e-25
2.961e+10 6.686e-31 2.752e-26 6.833e-26 2.195e-27 9.804e-26
3.037e+10 1.435e-31 2.485e-26 6.401e-26 2.117e-27 9.098e-26
3.115e+10 6.836e-33 2.243e-26 5.989e-26 2.037e-27 8.436e-26
3.195e+10 2.226e-35 2.024e-26 5.596e-26 1.956e-27 7.816e-26
3.277e+10 2.082e-35 1.827e-26 5.221e-26 1.873e-27 7.235e-26
3.361e+10 1.945e-35 1.648e-26 4.865e-26 1.790e-27 6.692e-26
3.448e+10 1.815e-35 1.487e-26 4.525e-26 1.707e-27 6.182e-26
3.536e+10 1.692e-35 1.341e-26 4.203e-26 1.624e-27 5.706e-26
3.627e+10 1.575e-35 1.209e-26 3.897e-26 1.542e-27 5.260e-26
3.720e+10 1.465e-35 1.090e-26 3.608e-26 1.462e-27 4.844e-26
3.816e+10 1.361e-35 9.824e-27 3.334e-26 1.383e-27 4.455e-26
3.914e+10 1.264e-35 8.853e-27 3.077e-26 1.306e-27 4.093e-26
4.014e+10 1.172e-35 7.977e-27 2.834e-26 1.231e-27 3.755e-26
4.117e+10 1.086e-35 7.186e-27 2.606e-26 1.159e-27 3.441e-26
4.223e+10 1.005e-35 6.472e-27 2.392e-26 1.090e-27 3.148e-26
4.331e+10 9.297e-36 5.828e-27 2.191e-26 1.024e-27 2.877e-26
4.443e+10 8.592e-36 5.247e-27 2.004e-26 9.609e-28 2.624e-26
4.557e+10 7.933e-36 4.722e-27 1.828e-26 9.011e-28 2.391e-26
4.674e+10 7.319e-36 4.249e-27 1.665e-26 8.447e-28 2.174e-26
4.794e+10 6.747e-36 3.823e-27 1.513e-26 7.916e-28 1.975e-26
4.917e+10 6.214e-36 3.438e-27 1.372e-26 7.416e-28 1.790e-26
5.043e+10 5.719e-36 3.092e-27 1.243e-26 6.944e-28 1.621e-26
5.173e+10 5.259e-36 2.779e-27 1.123e-26 6.500e-28 1.466e-26
5.305e+10 4.833e-36 2.498e-27 1.013e-26 6.080e-28 1.323e-26
5.442e+10 4.437e-36 2.244e-27 9.118e-27 5.684e-28 1.193e-26
5.581e+10 4.071e-36 2.016e-27 8.195e-27 5.311e-28 1.074e-26
5.725e+10 3.732e-36 1.810e-27 7.353e-27 4.958e-28 9.659e-27
5.872e+10 3.419e-36 1.625e-27 6.587e-27 4.625e-28 8.674e-27
6.023e+10 3.129e-36 1.458e-27 5.891e-27 4.310e-28 7.780e-27
6.177e+10 2.862e-36 1.308e-27 5.261e-27 4.013e-28 6.970e-27
6.336e+10 2.615e-36 1.173e-27 4.691e-27 3.732e-28 6.237e-27
6.498e+10 2.388e-36 1.052e-27 4.177e-27 3.467e-28 5.575e-27
6.665e+10 2.179e-36 9.425e-28 3.714e-27 3.216e-28 4.978e-27
6.837e+10 1.987e-36 8.442e-28 3.297e-27 2.979e-28 4.439e-27
7.012e+10 1.810e-36 7.560e-28 2.924e-27 2.755e-28 3.955e-27
7.192e+10 1.647e-36 6.766e-28 2.590e-27 2.543e-28 3.521e-27
7.377e+10 1.498e-36 6.054e-28 2.291e-27 2.343e-28 3.131e-27
7.566e+10 1.361e-36 5.414e-28 2.025e-27 2.154e-28 2.782e-27
7.761e+10 1.236e-36 4.840e-28 1.788e-27 1.975e-28 2.469e-27
7.960e+10 1.121e-36 4.325e-28 1.578e-27 1.806e-28 2.191e-27
8.164e+10 1.016e-36 3.863e-28 1.391e-27 1.647e-28 1.942e-27
8.374e+10 9.199e-37 3.449e-28 1.227e-27 1.496e-28 1.721e-27
8.589e+10 8.321e-37 3.077e-28 1.081e-27 1.354e-28 1.524e-27
8.809e+10 7.520e-37 2.745e-28 9.522e-28 1.221e-28 1.349e-27
9.036e+10 6.789e-37 2.447e-28 8.385e-28 1.097e-28 1.193e-27
9.268e+10 6.123e-37 2.180e-28 7.381e-28 9.822e-29 1.054e-27
9.506e+10 5.517e-37 1.941e-28 6.496e-28 8.760e-29 9.313e-28
9.750e+10 4.965e-37 1.728e-28 5.715e-28 7.783e-29 8.221e-28
1.000e+11 4.464e-37 1.537e-28 5.027e-28 6.888e-29 7.253e-28
