# energy, proton, helium, oxygen group, iron group, total
# [units: energy in GeV per nucleon, flux error in 1/(GeV m2 s sr)]
1.0000000000e+00 4.8180825779e+01 4.2143558425e+01 6.4734008832e+00 4.0263368542e+00 9.2341669718e+01
1.1226677735e+00 9.8630758141e+01 6.3770417446e+01 1.0823727710e+01 4.9904246555e+00 1.6695188644e+02
1.2603829297e+00 1.0545692594e+02 5.3531995179e+01 9.0678510800e+00 3.9180937989e+00 1.6419079109e+02
1.4149912974e+00 9.1625360099e+01 3.9298457592e+01 6.7592367496e+00 2.7944043192e+00 1.3497364488e+02
1.5885651294e+00 7.2606565519e+01 2.7287429547e+01 4.9691091258e+00 1.9474313998e+00 1.0260546743e+02
1.7834308769e+00 5.5121416853e+01 1.8139298668e+01 3.5088936930e+00 1.3616939361e+00 7.5179261256e+01
2.0022003718e+00 4.0865283070e+01 1.1833987608e+01 2.4202489116e+00 9.6678433793e-01 5.4083432802e+01
2.2478058335e+00 2.9816779508e+01 7.7890714699e+00 1.6753205174e+00 6.9997756721e-01 3.8509442855e+01
2.5235391704e+00 2.1555734668e+01 5.2285317934e+00 1.1710123733e+00 5.1625378338e-01 2.7298531872e+01
2.8330961018e+00 1.5499831174e+01 3.5504783680e+00 8.2093641083e-01 3.8613628505e-01 1.9318404397e+01
3.1806256928e+00 1.1094398619e+01 2.4271366533e+00 5.7829763127e-01 2.9130850075e-01 1.3649159966e+01
3.5707859649e+00 7.9099638533e+00 1.6763478758e+00 4.1262540419e-01 2.2064476794e-01 9.6280686659e+00
4.0088063289e+00 5.6212569495e+00 1.1751995940e+00 2.9950805164e-01 1.6731606263e-01 6.7807638273e+00
4.5005576757e+00 3.9755631633e+00 8.3501691036e-01 2.2015356010e-01 1.2693947812e-01 4.7596756920e+00
5.0526310653e+00 2.7872375959e+00 5.9537972096e-01 1.6205297094e-01 9.6500609264e-02 3.3178350456e+00
5.6724260685e+00 1.9344216912e+00 4.2188732024e-01 1.1858939026e-01 7.3707901900e-02 2.2930434446e+00
6.3682499447e+00 1.3301305522e+00 2.9651061585e-01 8.6393123523e-02 5.6641581793e-02 1.5720084157e+00
7.1494289866e+00 9.0795304684e-01 2.0700318826e-01 6.2914597815e-02 4.3750466561e-02 1.0706120034e+00
8.0264335223e+00 6.1678851330e-01 1.4404202631e-01 4.5992935490e-02 3.3877223106e-02 7.2580847279e-01
9.0110182517e+00 4.1784989273e-01 1.0032520933e-01 3.3837640129e-02 2.6211778477e-02 4.9072559240e-01
1.0116379798e+01 2.8254823806e-01 7.0207428670e-02 2.5053181716e-02 2.0205710189e-02 3.3124495207e-01
1.1357333583e+01 1.9066891123e-01 4.9465548716e-02 1.8622541853e-02 1.5486041470e-02 2.2328842697e-01
1.2750512407e+01 1.2844542855e-01 3.5073835962e-02 1.3846254323e-02 1.1788744368e-02 1.5038292645e-01
1.4314589375e+01 8.6520938986e-02 2.4963121224e-02 1.0260548740e-02 8.9153841498e-03 1.0132958725e-01
1.6070528183e+01 5.8439611670e-02 1.7775582745e-02 7.5599680729e-03 6.7085438567e-03 6.8455584192e-02
1.8041864094e+01 3.9718297884e-02 1.2651283777e-02 5.5425878457e-03 5.0377842645e-03 4.6495664745e-02
2.0255019392e+01 2.7249948253e-02 9.0271996099e-03 4.0593149014e-03 3.7852474109e-03 3.1841793140e-02
2.2739657524e+01 1.8905368684e-02 6.4857452609e-03 2.9808492020e-03 2.8480903797e-03 2.2031158739e-02
2.5529080682e+01 1.3255300895e-02 4.7083696293e-03 2.1995636162e-03 2.1443123891e-03 1.5404686058e-02
2.8660676169e+01 9.3662413976e-03 3.4576171322e-03 1.6314812064e-03 1.6125730425e-03 1.0867555599e-02
3.2176417503e+01 6.6447864149e-03 2.5642707714e-03 1.2147653202e-03 1.2086531935e-03 7.7136043672e-03
3.6123426997e+01 4.7250132450e-03 1.9136385788e-03 9.0586563228e-04 9.0070693251e-04 5.4992179570e-03
4.0554607358e+01 3.3730458337e-03 1.4310413000e-03 6.7488947895e-04 6.6427870475e-04 3.9394206019e-03
4.5529350749e+01 2.4225408688e-03 1.0686489957e-03 5.0138817110e-04 4.8618962899e-04 2.8381882243e-03
5.1114334834e+01 1.7527893496e-03 7.9535775413e-04 3.7112494322e-04 3.5322224384e-04 2.0571106528e-03
5.7384416483e+01 1.2773391500e-03 5.9041711500e-04 2.7397786630e-04 2.5534173706e-04 1.4995332308e-03
6.4423635087e+01 9.3589950540e-04 4.3856430981e-04 2.0228232473e-04 1.8434365819e-04 1.0984636510e-03
7.2326338965e+01 6.8752382970e-04 3.2689070433e-04 1.4974157558e-04 1.3335338462e-04 8.0738156392e-04
8.1198449932e+01 5.0488052800e-04 2.4486700641e-04 1.1132180579e-04 9.6894282179e-05 5.9432157044e-04
9.1158882998e+01 3.6974028963e-04 1.8436262987e-04 8.3158852456e-05 7.0800619183e-05 4.3741700334e-04
1.0234114021e+02 2.6972777433e-04 1.3938168683e-04 6.2391477288e-05 5.2023386026e-05 3.2160047775e-04
1.1489510002e+02 1.9634526359e-04 1.0564459002e-04 4.6959220043e-05 3.8398186064e-05 2.3644491545e-04
1.2898902613e+02 1.4324835458e-04 8.0146725880e-05 3.5403457359e-05 2.8420675017e-05 1.7430539672e-04
1.4481182277e+02 1.0516076173e-04 6.0777841922e-05 2.6696816543e-05 2.1055323133e-05 1.2912175021e-04
1.6257556664e+02 7.7872671211e-05 4.6033865763e-05 2.0111004226e-05 1.5587482319e-05 9.6221151854e-05
1.8251834943e+02 5.8201763489e-05 3.4817390956e-05 1.5121882268e-05 1.1517366693e-05 7.2132034218e-05
2.0490746898e+02 4.3857037749e-05 2.6307332615e-05 1.1344851203e-05 8.4892155387e-06 5.4354633740e-05
2.3004301198e+02 3.3251539423e-05 1.9876191749e-05 8.4922434281e-06 6.2385539324e-06 4.1124910099e-05
2.5826187607e+02 2.5310801705e-05 1.5037523622e-05 6.3455075628e-06 4.5767649386e-06 3.1210234996e-05
2.8994228539e+02 1.9309579484e-05 1.1411645280e-05 4.7368439982e-06 3.3571810824e-06 2.3742964374e-05
3.2550885998e+02 1.4750164570e-05 8.7021463795e-06 3.5367238261e-06 2.4681480360e-06 1.8103558300e-05
3.6543830710e+02 1.1280368080e-05 6.6788671897e-06 2.6450650899e-06 1.8243151690e-06 1.3840426769e-05
4.1026581058e+02 8.6420308900e-06 5.1648798779e-06 1.9847375632e-06 1.3604540091e-06 1.0617636010e-05
4.6059220411e+02 6.6400332049e-06 4.0260516617e-06 1.4966184405e-06 1.0269505529e-06 8.1813239026e-06
5.1709202429e+02 5.1238474737e-06 3.1622703031e-06 1.1357308194e-06 7.8636469892e-07 6.3378942990e-06
5.8052255161e+02 3.9761384380e-06 2.4952878250e-06 8.6789145054e-07 6.1016902041e-07 4.9367444636e-06
6.5173396049e+02 3.1055498893e-06 1.9655810089e-06 6.6707377301e-07 4.7748138188e-07 3.8615479084e-06
7.3168071434e+02 2.4419162877e-06 1.5372559094e-06 5.1444456999e-07 3.7464362795e-07 3.0286294085e-06
8.2143435849e+02 1.9322138595e-06 1.1893915812e-06 3.9698895701e-07 2.9332493485e-07 2.3787339419e-06
9.2219788233e+02 1.5370516943e-06 9.0875700801e-07 3.0583289605e-07 2.2846631890e-07 1.8694896449e-06
1.0353218433e+03 1.2275252597e-06 6.8554669006e-07 2.3479412575e-07 1.7604637780e-07 1.4696535863e-06
1.1623224687e+03 9.8027601916e-07 5.1135729985e-07 1.7947089280e-07 1.3468879902e-07 1.1537443027e-06
1.3049019780e+03 7.7780383920e-07 3.7845128051e-07 1.3668482727e-07 1.0257622001e-07 9.0134304776e-07
1.4649713983e+03 6.1043847095e-07 2.7960418033e-07 1.0381656615e-07 7.7961500706e-08 6.9901137300e-07
1.6446761780e+03 4.7271132605e-07 2.0812795455e-07 7.8755322828e-08 5.9331489999e-08 5.3759206735e-07
1.8464249429e+03 3.6093547302e-07 1.5776543499e-07 5.9788518798e-08 4.5383240045e-08 4.1019815437e-07
2.0729217796e+03 2.7195415005e-07 1.2224762864e-07 4.5526734873e-08 3.5015489351e-08 3.1088952182e-07
2.3272024790e+03 2.0266553653e-07 9.6232684656e-08 3.4851304361e-08 2.7322025344e-08 2.3440342258e-07
2.6126752256e+03 1.4999888095e-07 7.6145840521e-08 2.6873240265e-08 2.1582066380e-08 1.7623990188e-07
2.9331662784e+03 1.1099855476e-07 5.9990055833e-08 2.0898289052e-08 1.7244999799e-08 1.3261481419e-07
3.2929712551e+03 8.2901015350e-08 4.6762491186e-08 1.6395569524e-08 1.3908092388e-08 1.0036105948e-07
3.6969127072e+03 6.3079548872e-08 3.5950539972e-08 1.2968479040e-08 1.1288487437e-08 7.6747857721e-08
4.1504047579e+03 4.8931002921e-08 2.7234170804e-08 1.0327485107e-08 9.1934851287e-09 5.9287021916e-08
4.6595256687e+03 3.8364653242e-08 2.0349710577e-08 8.2652634245e-09 7.4935842234e-09 4.6026138028e-08
5.2310993081e+03 3.0065455266e-08 1.5044163007e-08 6.6343705002e-09 6.0955380152e-09 3.5676909538e-08
5.8727866132e+03 2.3341627027e-08 1.1078508472e-08 5.3157368559e-09 4.9135698223e-09 2.7469541614e-08
6.5931882713e+03 1.7857073335e-08 8.1946972639e-09 4.2232476021e-09 3.8985745594e-09 2.0939642872e-08
7.4019599969e+03 1.3430128628e-08 6.1224790454e-09 3.3129123233e-09 3.0342881953e-09 1.5777697675e-08
8.3099419494e+03 9.9315370725e-09 4.6276578688e-09 2.5605431150e-09 2.3142405022e-09 1.1753694740e-08
9.3293040263e+03 7.2437491315e-09 3.5315613788e-09 1.9491578754e-09 1.7311878240e-09 8.6785525258e-09
1.0473708980e+04 5.2506512573e-09 2.7099098500e-09 1.4630900952e-09 1.2741530254e-09 6.3871709714e-09
1.1758495541e+04 3.8380292898e-09 2.0813748475e-09 1.0862286127e-09 9.2884805569e-10 4.7316639547e-09
1.3200884008e+04 2.8656798829e-09 1.5939578272e-09 8.0208941538e-10 6.7897647670e-10 3.5559816510e-09
1.4820207058e+04 2.1880931521e-09 1.2137765874e-09 5.9438397027e-10 5.0710437187e-10 2.7124894127e-09
1.6638168861e+04 1.6933081694e-09 9.1752121092e-10 4.4742124894e-10 3.9454922549e-10 2.0893082842e-09
1.8679135990e+04 1.3123949969e-09 6.8801493241e-10 3.4521573866e-10 3.2021983515e-10 1.6129960484e-09
2.0970464013e+04 1.0091495265e-09 5.1183228514e-10 2.7185851024e-10 2.6540194670e-10 1.2392501324e-09
2.3542864143e+04 7.6565961582e-10 3.7808852841e-10 2.1574030283e-10 2.1942339461e-10 9.4273803036e-10
2.6430814870e+04 5.7224129970e-10 2.7782260370e-10 1.7047867363e-10 1.7833331937e-10 7.0851268373e-10
2.9673024082e+04 4.2219048613e-10 2.0364987303e-10 1.3324785512e-10 1.4149563102e-10 5.2650495016e-10
3.3312947879e+04 3.0964295062e-10 1.4952426390e-10 1.0291724633e-10 1.0927493895e-10 3.8871887212e-10
3.7399373025e+04 2.2881289526e-10 1.1054193609e-10 7.8895813243e-11 8.2005739238e-11 2.8797802164e-10
4.1987070844e+04 1.7225822664e-10 8.2767153191e-11 6.0593419535e-11 5.9693079653e-11 2.1617913090e-10
4.7137531341e+04 1.3219855910e-10 6.3083674259e-11 4.7191817542e-11 4.2025872624e-11 1.6516137916e-10
5.2919787360e+04 1.0258822522e-10 4.9072746943e-11 3.7826912863e-11 2.8538401308e-11 1.2830943602e-10
5.9411339850e+04 7.9632794338e-11 3.8816996050e-11 3.1236049581e-11 1.8764994326e-11 1.0080673588e-10
6.6699196630e+04 6.1272270006e-11 3.0909197086e-11 2.6139347161e-11 1.2045091572e-11 7.9387618798e-11
7.4881038576e+04 4.6441224685e-11 2.4528294203e-11 2.1760678819e-11 7.6376235311e-12 6.2133589539e-11
8.4066528856e+04 3.4541546810e-11 1.9257402599e-11 1.7807202130e-11 4.8711770170e-12 4.8030363270e-11
9.4378782778e+04 2.5157921388e-11 1.4892096641e-11 1.4240239679e-11 3.1938797720e-12 3.6534898816e-11
1.0595601793e+05 1.7942551026e-11 1.1315894512e-11 1.1100344948e-11 2.1821608817e-12 2.7303436049e-11
1.1895340674e+05 1.2619169924e-11 8.4387189160e-12 8.4233389708e-12 1.5424494905e-12 2.0083569387e-11
1.3354515629e+05 8.8544794385e-12 6.1739854631e-12 6.2141936786e-12 1.1016563835e-12 1.4582895579e-11
1.4992684328e+05 6.2610227664e-12 4.4343567492e-12 4.4476584343e-12 7.7501171525e-13 1.0471958836e-11
1.6831803533e+05 4.4873764710e-12 3.1350733954e-12 3.0791327915e-12 5.2842309103e-13 7.4492990494e-12
1.8896523397e+05 3.2592170104e-12 2.2020276131e-12 2.0657248749e-12 3.5113119266e-13 5.2742344769e-12
2.1214517849e+05 2.3862653783e-12 1.5561616048e-12 1.3521131623e-12 2.3261980180e-13 3.7388588562e-12
2.3816855520e+05 1.7480705250e-12 1.1166776328e-12 8.7084072065e-13 1.5887556547e-13 2.6627401587e-12
2.6738416158e+05 1.2725422814e-12 8.1556387920e-13 5.5860521962e-13 1.1488965572e-13 1.9058967918e-12
3.0018358136e+05 9.1672218621e-13 6.0325704174e-13 3.6261068694e-13 8.7560591237e-14 1.3684697463e-12
3.3700643293e+05 6.5376963199e-13 4.4781197573e-13 2.4180725899e-13 6.8245174355e-14 9.8342796530e-13
3.7834626171e+05 4.6586873114e-13 3.3044885338e-13 1.6643049963e-13 5.2811960479e-14 7.0768935761e-13
4.2475715525e+05 3.3595677044e-13 2.4053368053e-13 1.1701680689e-13 3.9847680336e-14 5.1082434570e-13
4.7686116977e+05 2.4707570026e-13 1.7181080754e-13 8.2460193472e-14 2.9044872963e-14 3.7011704650e-13
5.3535666774e+05 1.8518023194e-13 1.2023217997e-13 5.7240393447e-14 2.0446297197e-14 2.6929149938e-13
6.0102767821e+05 1.4039820092e-13 8.3095983772e-14 3.9084828832e-14 1.4117014324e-14 1.9718677887e-13
6.7475440531e+05 1.0668220908e-13 5.7602134207e-14 2.6637994629e-14 9.7758814352e-15 1.4555285994e-13
7.5752502588e+05 8.0637598236e-14 4.0669282610e-14 1.8499677800e-14 6.9332434909e-15 1.0817844434e-13
8.5044893418e+05 6.0384649039e-14 2.9501678116e-14 1.3310792322e-14 5.0847077820e-15 8.0708654366e-14
9.5477161142e+05 4.4789664284e-14 2.1926647208e-14 9.9283440358e-15 3.8287369460e-15 6.0258151364e-14
1.0718913192e+06 3.3055834365e-14 1.6501205506e-14 7.5589204105e-15 2.9105379519e-15 4.4961085690e-14
1.2033778408e+06 2.4522364825e-14 1.2399587053e-14 5.7579929889e-15 2.1982010008e-15 3.3580502943e-14
1.3509935212e+06 1.8435196718e-14 9.1970407659e-15 4.3200634574e-15 1.6327703205e-15 2.5137802794e-14
1.5167168885e+06 1.4055366468e-14 6.6792304267e-15 3.1609270202e-15 1.1885263320e-15 1.8847708913e-14
1.7027691722e+06 1.0808798187e-14 4.7276687209e-15 2.2454385697e-15 8.5293727178e-16 1.4129684659e-14
1.9116440754e+06 8.3182293607e-15 3.2773152711e-15 1.5612382197e-15 6.1431855226e-16 1.0582762643e-14
2.1461411979e+06 6.3602538775e-15 2.2508328480e-15 1.0800685050e-15 4.5207755754e-16 7.9097528368e-15
2.4094035602e+06 4.8058976332e-15 1.5514655747e-15 7.5598880285e-16 3.4255059933e-16 5.8858214913e-15
2.7049597305e+06 3.5752106541e-15 1.0858524419e-15 5.4223503787e-16 2.6627737076e-16 4.3477363532e-15
3.0367711180e+06 2.6135432786e-15 7.7606905417e-16 3.9842040589e-16 2.0925692122e-16 3.1798151271e-15
3.4092850697e+06 1.8770877773e-15 5.6456685098e-16 2.9688019662e-16 1.6393817017e-16 2.2987205726e-15
3.8274944785e+06 1.3310228849e-15 4.1375860425e-16 2.2145638347e-16 1.2685137011e-16 1.6451261675e-15
4.2970047043e+06 9.3820542198e-16 3.0166027551e-16 1.6367389449e-16 9.6396028735e-17 1.1684486664e-15
4.8241087042e+06 6.6110665361e-16 2.1625843888e-16 1.1929070764e-16 7.1699592361e-17 8.2472085925e-16
5.4158713781e+06 4.6736090376e-16 1.5104473031e-16 8.6040899451e-17 5.2180797286e-17 5.7877238307e-16
6.0802242616e+06 3.3175893790e-16 1.0273890050e-16 6.2401202805e-17 3.7317756366e-17 4.0437144212e-16
6.8260718343e+06 2.3606078883e-16 6.8472862868e-17 4.6300803979e-17 2.6351143762e-17 2.8168316396e-16
7.6634108680e+06 1.6775173654e-16 4.5138640195e-17 3.5359129383e-17 1.8444989762e-17 1.9573823964e-16
8.6034644167e+06 1.1853430421e-16 2.9836188645e-17 2.7577820579e-17 1.2837641079e-17 1.3563441107e-16
9.6588322412e+06 8.2968712051e-17 2.0098369302e-17 2.1648791153e-17 8.9017139289e-18 9.3662955873e-17
1.0843659687e+07 5.7472456019e-17 1.3965777997e-17 1.6876042278e-17 6.1530966112e-18 6.4510747615e-17
1.2173827277e+07 3.9669842069e-17 1.0006826169e-17 1.2940339623e-17 4.2354216595e-18 4.4599734980e-17
1.3667163565e+07 2.7586548090e-17 7.2946587243e-18 9.6991033898e-18 2.8954019988e-18 3.1192271574e-17
1.5343684089e+07 1.9511011360e-17 5.3084423148e-18 7.0723746864e-18 1.9574285427e-18 2.2153336017e-17
1.7225859654e+07 1.4084537921e-17 3.7909049225e-18 4.9974959476e-18 1.3031343467e-18 1.5945255428e-17
1.9338917505e+07 1.0335310118e-17 2.6373128956e-18 3.4289570415e-18 8.5327960227e-19 1.1571940181e-17
2.1711179457e+07 7.6391119478e-18 1.7851757775e-18 2.2950717921e-18 5.4999357270e-19 8.4136721761e-18
2.4374441501e+07 5.6293088025e-18 1.1752371593e-18 1.5054590002e-18 3.4995466777e-19 6.0871031273e-18
2.7364399971e+07 4.1004951168e-18 7.5267467947e-19 9.7348639974e-19 2.2108993472e-19 4.3557519784e-18
3.0721129989e+07 2.9350878629e-18 4.7042951986e-19 6.2575372562e-19 1.4003880161e-19 3.0692457013e-18
3.4489622604e+07 2.0609440595e-18 2.9082520180e-19 4.0435976242e-19 9.0073873017e-20 2.1281459173e-18
3.8720387818e+07 1.4312026362e-18 1.8510008144e-19 2.6584454685e-19 5.9471558821e-20 1.4654983398e-18
4.3470131581e+07 9.9545905527e-19 1.3037462492e-19 1.7911766416e-19 4.0346596419e-20 1.0168429683e-18
4.8802515837e+07 7.0167356157e-19 1.0562295761e-19 1.2336493810e-19 2.7787861830e-20 7.2027095332e-19
5.4789011796e+07 5.0454881251e-19 9.3361956966e-20 8.5959064048e-20 1.9090268687e-20 5.2386955878e-19
6.1509857886e+07 3.6964291462e-19 8.3491332258e-20 6.0306658457e-20 1.2934927704e-20 3.8947041894e-19
6.9055135202e+07 2.7380595107e-19 7.2953187745e-20 4.2687728680e-20 8.5917097112e-21 2.9262419494e-19
7.7525974886e+07 2.0305646704e-19 6.1808180083e-20 3.0584808984e-20 5.5734033231e-21 2.1948378848e-19
8.7035913615e+07 1.4952623614e-19 5.0822463065e-20 2.2206889790e-20 3.5203654242e-21 1.6279335432e-19
9.7712415353e+07 1.0880897021e-19 4.0677273065e-20 1.6302204392e-20 2.1585351057e-21 1.1872306101e-19
1.0969857979e+08 7.8303686188e-20 3.1790562555e-20 1.2039104268e-20 1.2803312769e-21 8.5069763881e-20
1.2315506033e+08 5.6269864253e-20 2.4335154555e-20 8.8930336732e-21 7.3184197966e-22 6.0376446003e-20
1.3826221738e+08 4.0773272372e-20 1.8306674775e-20 6.5420700444e-21 4.0190388508e-22 4.2882768058e-20
1.5522253574e+08 2.9911526232e-20 1.3591414832e-20 4.7856668720e-21 2.1236027337e-22 3.0735673022e-20
1.7426333860e+08 2.2157846847e-20 1.0022387047e-20 3.4919301594e-21 1.0867873950e-22 2.2333883105e-20
1.9563983435e+08 1.6460922743e-20 7.4068033793e-21 2.5617721602e-21 5.5597507416e-23 1.6448892398e-20
2.1963853724e+08 1.2166191464e-20 5.5142916702e-21 1.8998511384e-21 3.8680071373e-23 1.2209749219e-20
2.4658110758e+08 8.8846738109e-21 4.1335329325e-21 1.4235116686e-21 4.6547394939e-23 9.0615319510e-21
2.7682866304e+08 6.3812170872e-21 3.1057594818e-21 1.0721269537e-21 5.9896897682e-23 6.6782613075e-21
3.1078661878e+08 4.5019428798e-21 2.3251798049e-21 8.0654145917e-22 7.1070201425e-23 4.8718124401e-21
3.4891012134e+08 3.1390981202e-21 1.7253655082e-21 6.0327390969e-22 7.8347896298e-23 3.5288129662e-21
3.9171014908e+08 2.2057057973e-21 1.2643885591e-21 4.4824721611e-22 8.1602878603e-23 2.5651350479e-21
4.3976036093e+08 1.5912992235e-21 9.1403502345e-22 3.3226880636e-22 8.1316740714e-23 1.8862961775e-21
4.9370478528e+08 1.1847085377e-21 6.5350766708e-22 2.4837033961e-22 7.8167568256e-23 1.4052005515e-21
5.5426645207e+08 9.0037331662e-22 4.6662447114e-22 1.8990123807e-22 7.1797334780e-23 1.0577290706e-21
6.2225708367e+08 6.8663113873e-22 3.3864039505e-22 1.4785829677e-22 6.1841138901e-23 8.0278756335e-22
6.9858797468e+08 5.1754784935e-22 2.5149414025e-22 1.1432214797e-22 4.9659768646e-23 6.1049539475e-22
7.8428220613e+08 3.8143654692e-22 1.8977531928e-22 8.5426545528e-23 3.7074984616e-23 4.6112643515e-22
8.8048835816e+08 2.7283915594e-22 1.4407585445e-22 6.0370801370e-23 2.5683652037e-23 3.4329343698e-22
9.8849590466e+08 1.8843004462e-22 1.0993692749e-22 4.0021864933e-23 1.6983870169e-23 2.5053148470e-22
1.1097524964e+09 1.2595054718e-22 8.4680979049e-23 2.5915872658e-23 1.1633022100e-23 1.7908172538e-22
1.2458833643e+09 8.3393043395e-23 6.5503193886e-23 1.7543687225e-23 8.7951977080e-24 1.2656308168e-22
1.3987131026e+09 5.5788375721e-23 5.0271166986e-23 1.2881823227e-23 7.0879844099e-24 8.9024747139e-23
1.5702901247e+09 3.7602261121e-23 3.7904585921e-23 9.8940251943e-24 5.6504253162e-24 6.2408478847e-23
1.7629141181e+09 2.4924119599e-23 2.8108230974e-23 7.5728246797e-24 4.3071307447e-24 4.3697737352e-23
1.9791668679e+09 1.6125576430e-23 2.0782379777e-23 5.7376424002e-24 3.1490272744e-24 3.0941250687e-23
2.2219468609e+09 1.0918105224e-23 1.5383922906e-23 4.3061925875e-24 2.2227544492e-24 2.2402871931e-23
2.4945081352e+09 8.1996147741e-24 1.1284457318e-23 3.1732171734e-24 1.5182521205e-24 1.6442716595e-23
2.8005038942e+09 6.4511526804e-24 8.0570869668e-24 2.2668194690e-24 1.0002280184e-24 1.1903403685e-23
3.1440354716e+09 4.8697375659e-24 5.5220895238e-24 1.5708024058e-24 6.3201052851e-25 8.2418385931e-24
3.5297073027e+09 3.4334193299e-24 3.6693501848e-24 1.0978018952e-24 3.8191002686e-25 5.3977736534e-24
3.9626886387e+09 2.4113983131e-24 2.4148366958e-24 8.0598470352e-25 2.2010273437e-25 3.4573504643e-24
4.4487828311e+09 1.7911879917e-24 1.6093659694e-24 6.2151914519e-25 1.2081869347e-25 2.2855147184e-24
4.9945051159e+09 1.3828286372e-24 1.0968601716e-24 4.8471652491e-25 6.3545227833e-26 1.6004500739e-24
5.6071699382e+09 1.0386534043e-24 7.5583048402e-25 3.6884704514e-25 3.2275862596e-26 1.1412870108e-24
6.2949889902e+09 7.2489151293e-25 5.1857169700e-25 2.7152785918e-25 1.5737629319e-26 7.8549516245e-25
7.0671812739e+09 4.7725037242e-25 3.5152314779e-25 1.9374447903e-25 7.2823280035e-27 5.2113584812e-25
7.9340966658e+09 3.0851142156e-25 2.3496729056e-25 1.3439128667e-25 3.1435411354e-27 3.4275860275e-25
8.9073546386e+09 2.0595600947e-25 1.5520881909e-25 9.0845311678e-26 1.2318652095e-27 2.3156391193e-25
1.0000000000e+10 1.4548494735e-25 1.0190468045e-25 5.9952066572e-26 4.1809662389e-28 1.6286465968e-25
