#i	Z	A	value [1/(GV.m2.sr.s)]
0	1	1.008	0.000000
1	1	1.008	13598.519850
2	1	1.008	17049.114644
3	1	1.008	22531.753743
4	1	1.008	28891.311472
5	1	1.008	34732.494287
6	1	1.008	39380.395617
7	1	1.008	47421.564512
8	1	1.008	63700.511401
9	1	1.008	123581.473602
10	1	1.008	210082.676108
11	1	1.008	270698.089093
12	1	1.008	387022.739483
13	1	1.008	390934.996450
14	1	1.008	749576.601038
15	1	1.008	1516857.451683
16	1	1.008	857776.539691
17	1	1.008	404940.095712
18	1	1.008	548354.329618
19	1	1.008	574226.798758
20	1	1.008	884670.778661
21	1	1.008	740278.305136
22	1	1.008	594736.287108
23	1	1.008	163800.627791
24	1	1.008	109613.919458
25	1	1.008	58259.506423
26	1	1.008	0.000000
27	1	1.008	0.000000
28	2	4.003	0.000000
29	2	4.003	0.000000
30	2	4.003	2290.487040
31	2	4.003	3689.832849
32	2	4.003	4638.335222
33	2	4.003	6250.686720
34	2	4.003	7861.757971
35	2	4.003	11119.398046
36	2	4.003	15853.107212
37	2	4.003	33325.973359
38	2	4.003	86675.966861
39	2	4.003	162452.214525
40	2	4.003	184228.891489
41	2	4.003	205071.703438
42	2	4.003	366782.485757
43	2	4.003	169335.355122
44	2	4.003	36954.892417
45	2	4.003	0.000000
46	2	4.003	122653.803990
47	2	4.003	140126.188387
48	2	4.003	151249.148329
49	2	4.003	186057.142021
50	2	4.003	182111.146864
51	2	4.003	89238.449526
52	2	4.003	0.000000
53	2	4.003	0.000000
54	2	4.003	0.000000
55	8	15.999	0.000000
56	8	15.999	0.000000
57	8	15.999	24.637265
58	8	15.999	57.320548
59	8	15.999	89.048565
60	8	15.999	128.526463
61	8	15.999	184.986479
62	8	15.999	264.319399
63	8	15.999	404.936943
64	8	15.999	604.567519
65	8	15.999	1838.320761
66	8	15.999	4574.321836
67	8	15.999	4737.176008
68	8	15.999	10889.462188
69	8	15.999	7772.527349
70	8	15.999	8911.903378
71	8	15.999	18224.025058
72	8	15.999	5017.824106
73	8	15.999	9683.582581
74	8	15.999	4793.578773
75	8	15.999	3252.769407
76	8	15.999	13089.701917
77	8	15.999	15973.138774
78	8	15.999	16244.629975
79	8	15.999	1615.900771
80	8	15.999	0.000000
81	8	15.999	0.000000
82	8	15.999	0.000000
83	26	55.845	0.000000
84	26	55.845	3.092808
85	26	55.845	9.624484
86	26	55.845	34.141864
87	26	55.845	64.682883
88	26	55.845	102.257305
89	26	55.845	323.507889
90	26	55.845	679.584942
91	26	55.845	487.469701
92	26	55.845	493.476783
93	26	55.845	1218.801802
94	26	55.845	1350.009115
95	26	55.845	2559.095386
96	26	55.845	255.148856
97	26	55.845	47.000634
98	26	55.845	0.000000
99	26	55.845	0.000000
100	26	55.845	618.948606
101	26	55.845	597.635031
102	26	55.845	0.000000
103	26	55.845	0.000000
104	26	55.845	0.000000
105	26	55.845	0.000000
106	26	55.845	0.000000
107	3	6.941	0.000000
108	3	6.941	0.000000
109	3	6.941	12.041017
110	3	6.941	32.119689
111	3	6.941	44.838965
112	3	6.941	26.009894
113	3	6.941	25.766170
114	3	6.941	44.311309
115	4	9.012	0.000000
116	4	9.012	3.740037
117	4	9.012	6.671219
118	4	9.012	15.347046
119	4	9.012	20.688835
120	4	9.012	17.848364
121	4	9.012	12.535724
122	4	9.012	20.599613
123	4	9.012	18.218458
124	5	10.811	0.000000
125	5	10.811	4.195268
126	5	10.811	1.800780
127	5	10.811	29.646819
128	5	10.811	44.491028
129	5	10.811	60.079225
130	5	10.811	33.142815
131	5	10.811	43.505387
132	5	10.811	132.581995
133	6	12.011	0.000000
134	6	12.011	0.000000
135	6	12.011	23.930757
136	6	12.011	59.705053
137	6	12.011	96.972387
138	6	12.011	188.645034
139	6	12.011	400.158204
140	6	12.011	714.704423
141	6	12.011	6099.529807
142	7	14.007	0.000000
143	7	14.007	1.923864
144	7	14.007	4.461105
145	7	14.007	14.636605
146	7	14.007	26.221869
147	7	14.007	38.333308
148	7	14.007	57.070931
149	7	14.007	59.172668
150	7	14.007	69.424260
151	7	14.007	136.542026
152	9	18.998	0.000000
153	9	18.998	0.272850
154	9	18.998	0.213399
155	9	18.998	0.790058
156	9	18.998	1.748548
157	9	18.998	3.904898
158	9	18.998	3.382199
159	9	18.998	3.114403
160	9	18.998	4.922395
161	10	20.180	0.000000
162	10	20.180	2.058363
163	10	20.180	2.160020
164	10	20.180	9.034866
165	10	20.180	13.066412
166	10	20.180	32.843336
167	10	20.180	56.778466
168	10	20.180	87.066921
169	10	20.180	163.724558
170	11	22.990	0.000000
171	11	22.990	0.628560
172	11	22.990	0.324583
173	11	22.990	1.585641
174	11	22.990	3.251247
175	11	22.990	6.029853
176	11	22.990	7.368131
177	11	22.990	7.543376
178	11	22.990	9.488124
179	12	24.305	0.000000
180	12	24.305	3.646818
181	12	24.305	3.028867
182	12	24.305	12.314882
183	12	24.305	16.253218
184	12	24.305	38.728250
185	12	24.305	69.845247
186	12	24.305	104.424014
187	12	24.305	184.505352
188	13	26.982	0.000000
189	13	26.982	0.000000
190	13	26.982	0.536410
191	13	26.982	1.611792
192	13	26.982	3.525407
193	13	26.982	7.170385
194	13	26.982	10.391897
195	13	26.982	13.736711
196	13	26.982	22.109192
197	14	28.085	0.000000
198	14	28.085	1.267081
199	14	28.085	2.298115
200	14	28.085	9.029165
201	14	28.085	11.999511
202	14	28.085	29.335292
203	14	28.085	61.781374
204	14	28.085	98.921217
205	14	28.085	165.447461
206	15	30.974	0.000000
207	15	30.974	0.000000
208	15	30.974	0.064846
209	15	30.974	0.205656
210	15	30.974	0.716315
211	15	30.974	1.100056
212	15	30.974	1.431229
213	15	30.974	1.239553
214	16	32.065	0.000000
215	16	32.065	2.605556
216	16	32.065	0.000000
217	16	32.065	1.614824
218	16	32.065	2.437999
219	16	32.065	6.237878
220	16	32.065	11.010164
221	16	32.065	18.272531
222	16	32.065	27.332517
223	17	35.453	0.000000
224	17	35.453	0.378051
225	17	35.453	0.000000
226	17	35.453	0.225046
227	17	35.453	0.619437
228	17	35.453	1.254736
229	17	35.453	1.254166
230	17	35.453	1.114136
231	18	39.948	0.000000
232	18	39.948	0.000000
233	18	39.948	0.000000
234	18	39.948	0.442519
235	18	39.948	1.279684
236	18	39.948	2.515793
237	18	39.948	2.418304
238	18	39.948	2.669440
239	19	39.098	0.000000
240	19	39.098	1.344773
241	19	39.098	0.000000
242	19	39.098	0.368600
243	19	39.098	1.048428
244	19	39.098	1.371993
245	19	39.098	1.730047
246	19	39.098	1.406748
247	20	40.078	0.000000
248	20	40.078	2.417395
249	20	40.078	0.000000
250	20	40.078	1.234379
251	20	40.078	2.361608
252	20	40.078	3.034887
253	20	40.078	4.494633
254	20	40.078	4.370123
255	21	44.956	0.000000
256	21	44.956	0.000000
257	21	44.956	0.000000
258	21	44.956	0.228536
259	21	44.956	0.509066
260	21	44.956	0.734056
261	21	44.956	0.763857
262	21	44.956	0.727595
263	22	47.867	0.000000
264	22	47.867	0.000000
265	22	47.867	0.000000
266	22	47.867	0.906110
267	22	47.867	1.544293
268	22	47.867	2.579802
269	22	47.867	2.532231
270	22	47.867	2.831926
271	22	47.867	2.811786
272	23	50.941	0.000000
273	23	50.941	0.000000
274	23	50.941	0.000000
275	23	50.941	0.420617
276	23	50.941	0.742131
277	23	50.941	1.214493
278	23	50.941	1.550901
279	23	50.941	1.366049
280	24	51.996	0.000000
281	24	51.996	0.000000
282	24	51.996	0.000000
283	24	51.996	0.917787
284	24	51.996	1.284544
285	24	51.996	2.870098
286	24	51.996	2.336253
287	24	51.996	4.425038
288	24	51.996	4.251198
289	25	54.938	0.000000
290	25	54.938	0.000000
291	25	54.938	0.000000
292	25	54.938	0.562400
293	25	54.938	0.777170
294	25	54.938	1.740106
295	25	54.938	2.644517
296	25	54.938	2.633760
297	27	58.933	0.000000
298	27	58.933	0.000000
299	27	58.933	0.000000
300	27	58.933	0.033781
301	27	58.933	0.054378
302	27	58.933	0.081306
303	27	58.933	0.153495
304	27	58.933	0.146974
305	28	58.693	0.000000
306	28	58.693	0.000000
307	28	58.693	0.000000
308	28	58.693	0.310365
309	28	58.693	0.377856
310	28	58.693	1.186217
311	28	58.693	2.086756
312	28	58.693	5.065373
313	1	2.014	0.000000
314	1	2.014	549.077413
315	1	2.014	539.019305
316	1	2.014	716.946632
317	1	2.014	833.640385
318	1	2.014	915.424165
319	1	2.014	970.712674
320	1	2.014	999.602766
