#i	Z	A	value [1/(GV.m2.sr.s)]
0	1	1.008	0.000000
1	1	1.008	13597.376443
2	1	1.008	17048.178465
3	1	1.008	22531.439934
4	1	1.008	28892.093052
5	1	1.008	34733.543568
6	1	1.008	39382.189479
7	1	1.008	47426.060586
8	1	1.008	63706.135347
9	1	1.008	123629.917467
10	1	1.008	210434.048966
11	1	1.008	270810.217587
12	1	1.008	390077.856553
13	1	1.008	396762.522497
14	1	1.008	761855.304186
15	1	1.008	1438473.487634
16	1	1.008	766360.967184
17	1	1.008	479064.755696
18	1	1.008	506795.235411
19	1	1.008	502604.464570
20	1	1.008	1100131.519561
21	1	1.008	744113.910462
22	1	1.008	652159.502555
23	1	1.008	70523.831453
24	1	1.008	0.000000
25	1	1.008	158800.907412
26	1	1.008	0.000000
27	1	1.008	0.000000
28	2	4.003	0.000000
29	2	4.003	0.000000
30	2	4.003	2293.347402
31	2	4.003	3692.236020
32	2	4.003	4640.348940
33	2	4.003	6253.389427
34	2	4.003	7864.905242
35	2	4.003	11123.558949
36	2	4.003	15864.921416
37	2	4.003	33359.598244
38	2	4.003	87111.798407
39	2	4.003	161279.842891
40	2	4.003	194758.840378
41	2	4.003	220754.232481
42	2	4.003	397363.072210
43	2	4.003	149891.548607
44	2	4.003	44921.344815
45	2	4.003	0.000000
46	2	4.003	148511.696874
47	2	4.003	205944.583262
48	2	4.003	221485.622252
49	2	4.003	310696.195198
50	2	4.003	350205.500884
51	2	4.003	162588.320356
52	2	4.003	0.000000
53	2	4.003	0.000000
54	2	4.003	0.000000
55	8	15.999	0.000000
56	8	15.999	0.000000
57	8	15.999	24.635025
58	8	15.999	57.315873
59	8	15.999	89.011907
60	8	15.999	128.492003
61	8	15.999	184.943271
62	8	15.999	264.239646
63	8	15.999	404.862679
64	8	15.999	604.142301
65	8	15.999	1838.311404
66	8	15.999	4571.050107
67	8	15.999	4633.363432
68	8	15.999	10671.604779
69	8	15.999	6633.377852
70	8	15.999	10409.257637
71	8	15.999	16245.634650
72	8	15.999	9952.270274
73	8	15.999	8676.421165
74	8	15.999	2986.441923
75	8	15.999	332.081988
76	8	15.999	7967.736081
77	8	15.999	15204.825365
78	8	15.999	18891.615641
79	8	15.999	1314.495369
80	8	15.999	0.000000
81	8	15.999	0.000000
82	8	15.999	0.000000
83	26	55.845	0.000000
84	26	55.845	3.084367
85	26	55.845	9.623897
86	26	55.845	34.116329
87	26	55.845	64.663372
88	26	55.845	102.059854
89	26	55.845	324.130122
90	26	55.845	667.810497
91	26	55.845	473.066581
92	26	55.845	673.272690
93	26	55.845	1072.472194
94	26	55.845	1503.777088
95	26	55.845	2236.114749
96	26	55.845	0.000000
97	26	55.845	16.965702
98	26	55.845	0.000000
99	26	55.845	0.000000
100	26	55.845	0.000000
101	26	55.845	482.372737
102	26	55.845	0.000000
103	26	55.845	0.000000
104	26	55.845	0.000000
105	26	55.845	0.000000
106	26	55.845	0.000000
107	3	6.941	0.000000
108	3	6.941	0.000000
109	3	6.941	12.039758
110	3	6.941	32.118806
111	3	6.941	44.839041
112	3	6.941	26.010842
113	3	6.941	25.765427
114	3	6.941	44.319518
115	4	9.012	0.000000
116	4	9.012	3.739052
117	4	9.012	6.670539
118	4	9.012	15.346463
119	4	9.012	20.688779
120	4	9.012	17.848387
121	4	9.012	12.535897
122	4	9.012	20.599341
123	4	9.012	18.222356
124	5	10.811	0.000000
125	5	10.811	4.193324
126	5	10.811	1.801873
127	5	10.811	29.643208
128	5	10.811	44.488613
129	5	10.811	60.077594
130	5	10.811	33.143385
131	5	10.811	43.499464
132	5	10.811	132.614369
133	6	12.011	0.000000
134	6	12.011	0.000000
135	6	12.011	23.928619
136	6	12.011	59.700774
137	6	12.011	96.930324
138	6	12.011	188.623076
139	6	12.011	399.929638
140	6	12.011	714.934685
141	6	12.011	6089.193774
142	7	14.007	0.000000
143	7	14.007	1.923615
144	7	14.007	4.460755
145	7	14.007	14.635378
146	7	14.007	26.220157
147	7	14.007	38.332298
148	7	14.007	57.070911
149	7	14.007	59.174283
150	7	14.007	69.423711
151	7	14.007	136.555111
152	9	18.998	0.000000
153	9	18.998	0.272752
154	9	18.998	0.213376
155	9	18.998	0.790004
156	9	18.998	1.748423
157	9	18.998	3.904850
158	9	18.998	3.382298
159	9	18.998	3.114273
160	9	18.998	4.923465
161	10	20.180	0.000000
162	10	20.180	2.057263
163	10	20.180	2.160128
164	10	20.180	9.033827
165	10	20.180	13.067342
166	10	20.180	32.844416
167	10	20.180	56.789090
168	10	20.180	87.064309
169	10	20.180	163.822697
170	11	22.990	0.000000
171	11	22.990	0.628149
172	11	22.990	0.324595
173	11	22.990	1.585502
174	11	22.990	3.251115
175	11	22.990	6.029827
176	11	22.990	7.368670
177	11	22.990	7.542741
178	11	22.990	9.494796
179	12	24.305	0.000000
180	12	24.305	3.643309
181	12	24.305	3.029347
182	12	24.305	12.313144
183	12	24.305	16.254885
184	12	24.305	38.730169
185	12	24.305	69.860402
186	12	24.305	104.422174
187	12	24.305	184.637114
188	13	26.982	0.000000
189	13	26.982	0.000000
190	13	26.982	0.536388
191	13	26.982	1.611631
192	13	26.982	3.525368
193	13	26.982	7.170336
194	13	26.982	10.393062
195	13	26.982	13.735470
196	13	26.982	22.124770
197	14	28.085	0.000000
198	14	28.085	1.265476
199	14	28.085	2.298429
200	14	28.085	9.027903
201	14	28.085	12.001020
202	14	28.085	29.336442
203	14	28.085	61.795646
204	14	28.085	98.918989
205	14	28.085	165.582949
206	15	30.974	0.000000
207	15	30.974	0.000000
208	15	30.974	0.064829
209	15	30.974	0.205657
210	15	30.974	0.716236
211	15	30.974	1.100240
212	15	30.974	1.431064
213	15	30.974	1.240124
214	16	32.065	0.000000
215	16	32.065	2.604758
216	16	32.065	0.000000
217	16	32.065	1.614704
218	16	32.065	2.438018
219	16	32.065	6.237743
220	16	32.065	11.011540
221	16	32.065	18.270847
222	16	32.065	27.352803
223	17	35.453	0.000000
224	17	35.453	0.377788
225	17	35.453	0.000000
226	17	35.453	0.225043
227	17	35.453	0.619362
228	17	35.453	1.254908
229	17	35.453	1.254041
230	17	35.453	1.114629
231	18	39.948	0.000000
232	18	39.948	0.000000
233	18	39.948	0.000000
234	18	39.948	0.442514
235	18	39.948	1.279533
236	18	39.948	2.516196
237	18	39.948	2.417914
238	18	39.948	2.670752
239	19	39.098	0.000000
240	19	39.098	1.343865
241	19	39.098	0.000000
242	19	39.098	0.368590
243	19	39.098	1.048334
244	19	39.098	1.372222
245	19	39.098	1.729858
246	19	39.098	1.407410
247	20	40.078	0.000000
248	20	40.078	2.416194
249	20	40.078	0.000000
250	20	40.078	1.234326
251	20	40.078	2.361350
252	20	40.078	3.035541
253	20	40.078	4.493871
254	20	40.078	4.372399
255	21	44.956	0.000000
256	21	44.956	0.000000
257	21	44.956	0.000000
258	21	44.956	0.228529
259	21	44.956	0.509010
260	21	44.956	0.734187
261	21	44.956	0.763743
262	21	44.956	0.727936
263	22	47.867	0.000000
264	22	47.867	0.000000
265	22	47.867	0.000000
266	22	47.867	0.906065
267	22	47.867	1.544128
268	22	47.867	2.580059
269	22	47.867	2.532080
270	22	47.867	2.831972
271	22	47.867	2.811285
272	23	50.941	0.000000
273	23	50.941	0.000000
274	23	50.941	0.000000
275	23	50.941	0.420596
276	23	50.941	0.742053
277	23	50.941	1.214676
278	23	50.941	1.550745
279	23	50.941	1.366662
280	24	51.996	0.000000
281	24	51.996	0.000000
282	24	51.996	0.000000
283	24	51.996	0.917737
284	24	51.996	1.284385
285	24	51.996	2.870327
286	24	51.996	2.336105
287	24	51.996	4.425084
288	24	51.996	4.250511
289	25	54.938	0.000000
290	25	54.938	0.000000
291	25	54.938	0.000000
292	25	54.938	0.562369
293	25	54.938	0.777068
294	25	54.938	1.740354
295	25	54.938	2.644209
296	25	54.938	2.634998
297	27	58.933	0.000000
298	27	58.933	0.000000
299	27	58.933	0.000000
300	27	58.933	0.033779
301	27	58.933	0.054373
302	27	58.933	0.081316
303	27	58.933	0.153484
304	27	58.933	0.147027
305	28	58.693	0.000000
306	28	58.693	0.000000
307	28	58.693	0.000000
308	28	58.693	0.310336
309	28	58.693	0.377866
310	28	58.693	1.185977
311	28	58.693	2.087807
312	28	58.693	5.061630
313	1	2.014	0.000000
314	1	2.014	549.317767
315	1	2.014	539.021389
316	1	2.014	717.243280
317	1	2.014	833.791653
318	1	2.014	915.638053
319	1	2.014	970.846348
320	1	2.014	999.946304
