#The monthly values of the solar-modulation potential phi (in MV) for the
#2026-USO alternative parameter set (Usoskin et al. 2017 reconstruction).
#Values match the bundled table at the package data root (trailing Annual
#column dropped).
#References:
#[1] Usoskin, Gil, Kovaltsov, Mishev, Mikhailov, JGR Space Physics 122 (2017)
#    3875 [Usoskin:2017cli].
#Format: Year followed by 12 monthly phi values [MV]. nan = month not covered.
#Year   Jan   Feb   Mar   Apr   May   Jun   Jul   Aug   Sep   Oct   Nov   Dec
#++++++++++++++++++++++++++++++++++++++++++++++++++++++++++++++++++++++++++++++
1951     nan   661.0   651.0   642.0   601.0   571.0   600.0   623.0   580.0   574.0   588.0   573.0
1952   599.0   609.0   622.0   595.0   557.0   540.0   528.0   529.0   521.0   558.0   541.0   553.0
1953   575.0   563.0   569.0   565.0   564.0   553.0   561.0   556.0   553.0   543.0   545.0   533.0
1954   527.0   515.0   497.0   504.0   499.0   501.0   495.0   480.0   485.0   487.0   495.0   504.0
1955   539.0   505.0   503.0   503.0   496.0   500.0   500.0   508.0   496.0   516.0   513.0   549.0
1956   580.0   606.0   656.0   613.0   637.0   627.0   602.0   607.0   632.0   580.0   663.0   775.0
1957   856.0   863.0   840.0   914.0   872.0   902.0   933.0   893.0  1015.0   970.0   986.0  1046.0
1958  1040.0  1021.0  1078.0  1061.0   978.0   937.0  1010.0   954.0   939.0   936.0   922.0   959.0
1959   932.0   966.0   900.0   862.0   925.0   880.0  1071.0  1038.0   992.0   909.0   896.0   916.0
1960   962.0   932.0   888.0   947.0   945.0   906.0   905.0   854.0   856.0   856.0   892.0   850.0
1961   789.0   770.0   771.0   775.0   746.0   750.0   856.0   784.0   753.0   729.0   683.0   700.0
1962   704.0   715.0   705.0   720.0   689.0   682.0   675.0   675.0   696.0   701.0   677.0   686.0
1963   644.0   627.0   629.0   611.0   634.0   610.0   606.0   615.0   641.0   619.0   608.0   591.0
1964   577.0   579.0   562.0   553.0   538.0   531.0   534.0   529.0   521.0   518.0   516.0   499.0
1965   497.0   495.0   484.0   472.0   466.0   498.0   515.0   517.0   511.0   499.0   484.0   485.0
1966   501.0   503.0   525.0   534.0   517.0   551.0   571.0   575.0   673.0   614.0   591.0   616.0
1967   633.0   647.0   614.0   623.0   659.0   675.0   656.0   683.0   674.0   663.0   691.0   694.0
1968   680.0   688.0   693.0   684.0   708.0   752.0   746.0   732.0   758.0   801.0   883.0   854.0
1969   761.0   756.0   771.0   788.0   864.0   897.0   861.0   812.0   784.0   774.0   770.0   772.0
1970   768.0   740.0   746.0   791.0   783.0   849.0   848.0   801.0   754.0   736.0   776.0   704.0
1971   691.0   652.0   644.0   644.0   627.0   579.0   574.0   559.0   557.0   535.0   538.0   550.0
1972   545.0   542.0   509.0   499.0   516.0   565.0   533.0   649.0   542.0   529.0   554.0   532.0
1973   525.0   528.0   548.0   603.0   639.0   582.0   559.0   546.0   513.0   516.0   508.0   505.0
1974   514.0   500.0   527.0   535.0   580.0   603.0   648.0   605.0   635.0   629.0   614.0   566.0
1975   560.0   535.0   527.0   517.0   511.0   501.0   506.0   523.0   516.0   520.0   545.0   524.0
1976   531.0   521.0   522.0   540.0   520.0   508.0   501.0   500.0   492.0   495.0   494.0   499.0
1977   506.0   503.0   492.0   499.0   498.0   510.0   546.0   540.0   541.0   515.0   504.0   503.0
1978   547.0   560.0   568.0   613.0   667.0   623.0   619.0   560.0   555.0   603.0   583.0   583.0
1979   622.0   638.0   664.0   720.0   696.0   757.0   757.0   821.0   799.0   748.0   749.0   701.0
1980   717.0   727.0   692.0   735.0   734.0   813.0   817.0   803.0   793.0   853.0   905.0   906.0
1981   833.0   878.0   888.0   919.0   955.0   869.0   860.0   858.0   816.0   911.0   894.0   827.0
1982   773.0   877.0   784.0   765.0   735.0   880.0  1012.0  1008.0  1082.0  1008.0   973.0  1029.0
1983   936.0   876.0   816.0   807.0   890.0   834.0   776.0   777.0   748.0   743.0   733.0   731.0
1984   710.0   722.0   763.0   791.0   859.0   807.0   784.0   747.0   731.0   730.0   739.0   725.0
1985   709.0   665.0   654.0   637.0   629.0   596.0   606.0   606.0   575.0   571.0   554.0   561.0
1986   564.0   627.0   578.0   524.0   515.0   511.0   508.0   507.0   503.0   488.0   524.0   491.0
1987   466.0   446.0   447.0   451.0   470.0   507.0   527.0   551.0   571.0   571.0   597.0   594.0
1988   665.0   640.0   627.0   642.0   636.0   646.0   691.0   703.0   694.0   712.0   723.0   796.0
1989   828.0   832.0   980.0   956.0  1014.0  1000.0   912.0   952.0   986.0  1055.0  1126.0  1078.0
1990  1018.0  1000.0  1034.0  1103.0  1123.0  1125.0  1036.0  1059.0   999.0   941.0   890.0   889.0
1991   826.0   814.0  1018.0   990.0   972.0  1360.0  1334.0  1133.0   990.0   953.0   943.0   895.0
1992   889.0   923.0   852.0   769.0   797.0   734.0   693.0   696.0   713.0   671.0   688.0   646.0
1993   658.0   662.0   695.0   651.0   635.0   620.0   612.0   612.0   596.0   591.0   593.0   595.0
1994   596.0   635.0   625.0   631.0   612.0   610.0   594.0   574.0   556.0   564.0   563.0   570.0
1995   553.0   542.0   560.0   549.0   542.0   544.0   541.0   535.0   530.0   533.0   530.0   526.0
1996   522.0   505.0   505.0   499.0   505.0   505.0   506.0   509.0   514.0   522.0   525.0   517.0
1997   506.0   497.0   494.0   498.0   495.0   496.0   499.0   489.0   496.0   507.0   518.0   510.0
1998   505.0   500.0   498.0   559.0   606.0   583.0   554.0   589.0   558.0   536.0   552.0   576.0
1999   618.0   623.0   609.0   593.0   601.0   584.0   568.0   632.0   687.0   719.0   735.0   757.0
2000   728.0   759.0   795.0   788.0   846.0   899.0   958.0   908.0   868.0   811.0   889.0   859.0
2001   820.0   761.0   723.0   866.0   789.0   769.0   757.0   809.0   804.0   844.0   798.0   775.0
2002   851.0   767.0   798.0   804.0   801.0   785.0   830.0   889.0   841.0   820.0   870.0   849.0
2003   822.0   821.0   808.0   833.0   844.0   903.0   853.0   834.0   800.0   844.0  1026.0   840.0
2004   852.0   766.0   715.0   691.0   664.0   663.0   700.0   685.0   660.0   601.0   667.0   651.0
2005   757.0   675.0   656.0   634.0   692.0   647.0   663.0   686.0   755.0   629.0   603.0   603.0
2006   582.0   552.0   522.0   519.0   506.0   508.0   521.0   519.0   514.0   496.0   500.0   546.0
2007   492.0   498.0   484.0   463.0   459.0   456.0   459.0   463.0   453.0   455.0   462.0   453.0
2008   462.0   465.0   462.0   464.0   465.0   463.0   457.0   445.0   437.0   437.0   429.0   426.0
2009   421.0   414.0   407.0   398.0   389.0   393.0   393.0   396.0   389.0   390.0   397.0   390.0
2010   398.0   436.0   448.0   475.0   462.0   471.0   478.0   489.0   483.0   483.0   496.0   499.0
2011   488.0   486.0   513.0   568.0   534.0   599.0   576.0   568.0   568.0   590.0   549.0   516.0
2012   542.0   574.0   644.0   557.0   555.0   590.0   662.0   649.0   610.0   610.0   601.0   587.0
2013   571.0   565.0   595.0   590.0   667.0   675.0   656.0   644.0   630.0   598.0   610.0   635.0
2014   630.0   670.0   650.0   639.0   620.0   658.0   640.0   607.0   640.0   636.0   648.0   703.0
2015   674.0   672.0   709.0   684.0   654.0   664.0   628.0   622.0   623.0   612.0   603.0   590.0
2016   554.0   526.0   531.0   529.0   524.0   525.0   537.0   519.0   518.0   497.0   482.0   483.0
2017   465.0   458.0   451.0   466.0   460.0   453.0   477.0   505.0   522.0   493.0   466.0   460.0
2018   459.0   451.0   448.0   442.0   446.0   431.0   433.0   433.0   429.0   425.0   430.0   434.0
2019   434.0   438.0   421.0   421.0   444.0   426.0   426.0   429.0   419.0   414.0   418.0   417.0
2020   410.0   398.0   402.0   391.0   399.0   408.0   411.0   412.0   413.0   416.0   416.0   431.0
2021   435.0   464.0   430.0   419.0   422.0   428.0   438.0   428.0   432.0   432.0   453.0   443.0
2022   449.0   472.0   474.0   482.0   514.0   551.0   579.0   607.0   583.0   563.0   566.0   622.0
2023   634.0   686.0   694.0   662.0   676.0   680.0   712.0   749.0   758.0   720.0   760.0   775.0
2024   764.0   770.0   766.0   759.0   812.0   766.0   728.0   788.0   849.0   906.0   894.0   881.0
