#Z	A	norm	slope
#sub-leading extrapolation: ratio(R>Rmax) = norm * (min(R, 5e6 GV)/Rmax)**slope, Rmax = species' top knot (ratio saturates at R_sat = 5 PV)
#(best-fit point estimates; uncertainty not propagated — covariance.dat stores leaders only)
1	2.014	2.68773670e-02	0.082498
3	6.941	3.82906607e-02	-0.232796
4	9.012	1.57275121e-02	-0.299587
5	10.811	4.53898253e-02	-0.111877
6	12.011	1.15157571e+00	-0.030233
7	14.007	1.17980306e-01	-0.108947
9	18.998	4.45830367e-03	-0.240247
10	20.180	8.57142272e-01	-0.055223
11	22.990	4.96512336e-02	-0.304267
12	24.305	9.65892307e-01	-0.083189
13	26.982	1.15693327e-01	-0.139006
14	28.085	8.66092702e-01	-0.085583
15	30.974	2.43069439e-02	-0.447898
16	32.065	1.44139821e-01	-0.131591
17	35.453	2.17714243e-02	-0.500322
18	39.948	5.09735588e-02	-0.410808
19	39.098	2.76261482e-02	-0.509121
20	40.078	8.69169069e-02	-0.369845
21	44.956	1.40881348e-02	-0.503125
22	47.867	2.93910998e-02	-0.322920
23	50.941	2.61097890e-02	-0.427754
24	51.996	4.45205926e-02	-0.174641
25	54.938	5.05269502e-02	-0.306945
27	58.933	2.81987973e-03	-0.336571
28	58.693	5.55609435e-02	0.094673
