#i	j	Z1	Z2	cov [1/(GV.m2.sr.s)^2]
#(zeros and redundant entries (covariance is symmetric) are omitted)
1	1	1	1	11213516.042757
1	2	1	1	-4454848.691187
1	3	1	1	958166.901936
1	4	1	1	-788537.395338
1	5	1	1	123870.777811
1	6	1	1	-607582.316245
1	7	1	1	-107782.609138
1	8	1	1	-1495049.824897
1	9	1	1	-1390793.216196
1	10	1	1	-2262007.031026
1	11	1	1	-5583172.241009
1	12	1	1	-3622859.415887
1	13	1	1	-4306510.928188
1	14	1	1	-3699854.553118
1	15	1	1	-1526673.432263
1	16	1	1	-2783010.067827
1	17	1	1	-1848737.259305
1	18	1	1	-3057134.238051
1	19	1	1	-2630935.825751
1	20	1	1	-3779825.800647
1	21	1	1	-1167298.028786
1	22	1	1	-417902.533096
1	30	1	2	-961.574652
1	31	1	2	-1071.364358
1	32	1	2	-1423.817377
1	33	1	2	-744.090243
1	34	1	2	-867.390085
1	35	1	2	-1637.718938
1	36	1	2	-1149.215806
1	37	1	2	-36945.614760
1	38	1	2	155459.157966
1	39	1	2	154516.019931
1	40	1	2	-767152.345243
1	41	1	2	-857103.378751
1	42	1	2	-622022.094218
1	43	1	2	-281550.197554
1	44	1	2	-432624.043963
1	45	1	2	-548590.544708
1	46	1	2	-476746.737944
1	47	1	2	-232823.086208
1	48	1	2	-460471.411584
1	49	1	2	-248662.773930
1	50	1	2	-2753572.790832
1	55	1	8	0.737880
1	56	1	8	-0.726039
1	57	1	8	0.946285
1	58	1	8	1.216546
1	59	1	8	1.942231
1	60	1	8	1.113981
1	61	1	8	7.170541
1	62	1	8	-13.035935
1	63	1	8	379.794362
1	64	1	8	-6673.680505
1	65	1	8	-24152.224128
1	66	1	8	-25651.344758
1	67	1	8	-31882.419448
1	68	1	8	-4897.029900
1	69	1	8	-6552.228800
1	71	1	8	-25328.319999
1	72	1	8	51455.640072
1	73	1	8	-25379.489584
1	80	1	26	0.016852
1	81	1	26	-0.030017
1	82	1	26	0.261700
1	83	1	26	-0.313456
1	84	1	26	1.702546
1	85	1	26	-8.450730
1	86	1	26	19.526534
1	87	1	26	262.648381
1	88	1	26	-446.908446
1	89	1	26	-1425.570295
1	90	1	26	-2183.360476
1	91	1	26	-1009.908544
1	95	1	26	138.180958
1	100	1	26	696100.312677
2	2	1	1	3149543.166124
2	3	1	1	-334924.955473
2	4	1	1	855542.416871
2	5	1	1	254303.485525
2	6	1	1	932349.403707
2	7	1	1	569338.228826
2	8	1	1	2532399.389591
2	9	1	1	3511332.932668
2	10	1	1	4111396.756812
2	11	1	1	13528907.272633
2	12	1	1	5674418.429227
2	13	1	1	7740234.298177
2	14	1	1	8467730.967758
2	15	1	1	2795426.013837
2	16	1	1	6023083.350889
2	17	1	1	3802544.249540
2	18	1	1	6387146.745853
2	19	1	1	5576431.160324
2	20	1	1	7963949.201967
2	21	1	1	2393516.035388
2	22	1	1	688569.766220
2	30	1	2	2108.855180
2	31	1	2	2345.798068
2	32	1	2	3125.089001
2	33	1	2	1626.750902
2	34	1	2	1908.163620
2	35	1	2	3571.025336
2	36	1	2	2606.331530
2	37	1	2	80348.710245
2	38	1	2	-295787.660489
2	39	1	2	-642876.838315
2	40	1	2	2485250.894403
2	41	1	2	1729240.685979
2	42	1	2	1360862.773917
2	43	1	2	630800.865492
2	44	1	2	911341.193631
2	45	1	2	1218435.446955
2	46	1	2	1009894.796978
2	47	1	2	515405.377168
2	48	1	2	1002824.264663
2	49	1	2	564529.602393
2	50	1	2	5881659.553166
2	55	1	8	-1.642331
2	56	1	8	1.613545
2	57	1	8	-2.096460
2	58	1	8	-2.655984
2	59	1	8	-4.309085
2	60	1	8	-2.348268
2	61	1	8	-16.078038
2	62	1	8	30.240378
2	63	1	8	-850.764991
2	64	1	8	13908.393951
2	65	1	8	51721.669513
2	66	1	8	54562.854066
2	67	1	8	68674.709276
2	68	1	8	10098.851260
2	69	1	8	14380.698491
2	71	1	8	54386.989722
2	72	1	8	-109338.022226
2	73	1	8	54028.644137
2	80	1	26	-0.037778
2	81	1	26	0.067171
2	82	1	26	-0.573142
2	83	1	26	0.694386
2	84	1	26	-3.716582
2	85	1	26	18.491126
2	86	1	26	-41.522974
2	87	1	26	-573.117291
2	88	1	26	922.941102
2	89	1	26	3052.770308
2	90	1	26	4593.124263
2	91	1	26	2171.457423
2	95	1	26	-295.821787
2	100	1	26	-1491668.081975
3	3	1	1	608234.513997
3	4	1	1	-84055.894639
3	5	1	1	365887.668482
3	6	1	1	176940.546712
3	7	1	1	406999.737139
3	8	1	1	660748.918175
3	9	1	1	1729575.813426
3	10	1	1	1271236.085374
3	11	1	1	6393468.661970
3	12	1	1	1159620.143609
3	13	1	1	2337304.201642
3	14	1	1	3757973.670655
3	15	1	1	878085.322645
3	16	1	1	2493392.034170
3	17	1	1	1465155.910815
3	18	1	1	2518289.720722
3	19	1	1	2243956.234916
3	20	1	1	3177994.062074
3	21	1	1	917979.966876
3	22	1	1	166649.475842
3	30	1	2	887.923473
3	31	1	2	985.575022
3	32	1	2	1317.161451
3	33	1	2	682.111918
3	34	1	2	806.645646
3	35	1	2	1492.187658
3	36	1	2	1144.510918
3	37	1	2	33460.677515
3	38	1	2	-100082.449467
3	39	1	2	-435214.363976
3	40	1	2	1481545.482000
3	41	1	2	646817.149312
3	42	1	2	571403.410883
3	43	1	2	272894.388520
3	44	1	2	363568.144634
3	45	1	2	521482.104731
3	46	1	2	406041.578747
3	47	1	2	219680.498355
3	48	1	2	418556.857035
3	49	1	2	248159.993571
3	50	1	2	2392135.174373
3	55	1	8	-0.704573
3	56	1	8	0.690940
3	57	1	8	-0.894253
3	58	1	8	-1.111882
3	59	1	8	-1.841419
3	60	1	8	-0.937415
3	61	1	8	-6.961383
3	62	1	8	13.629505
3	63	1	8	-367.917892
3	64	1	8	5462.450245
3	65	1	8	21109.265049
3	66	1	8	22063.270016
3	67	1	8	28249.398021
3	68	1	8	3906.101033
3	69	1	8	6062.451055
3	71	1	8	22277.584598
3	72	1	8	-44151.643695
3	73	1	8	21872.094814
3	80	1	26	-0.016349
3	81	1	26	0.029007
3	82	1	26	-0.240924
3	83	1	26	0.296135
3	84	1	26	-1.555694
3	85	1	26	7.763414
3	86	1	26	-16.776625
3	87	1	26	-239.844918
3	88	1	26	357.723930
3	89	1	26	1245.826008
3	90	1	26	1828.759638
3	91	1	26	891.081959
3	95	1	26	-120.702392
3	100	1	26	-609355.364467
4	4	1	1	611375.691579
4	5	1	1	-17670.626899
4	6	1	1	568290.725543
4	7	1	1	177645.275451
4	8	1	1	1444256.463271
4	9	1	1	1538929.183092
4	10	1	1	2231726.764562
4	11	1	1	6083474.374502
4	12	1	1	3419347.393880
4	13	1	1	4233450.975186
4	14	1	1	3946588.175898
4	15	1	1	1509570.708673
4	16	1	1	2909631.491575
4	17	1	1	1899075.208554
4	18	1	1	3157235.838432
4	19	1	1	2730658.055348
4	20	1	1	3914992.208210
4	21	1	1	1197802.274368
4	22	1	1	400138.352792
4	30	1	2	1010.234117
4	31	1	2	1124.943679
4	32	1	2	1496.281261
4	33	1	2	780.893924
4	34	1	2	912.258124
4	35	1	2	1717.159255
4	36	1	2	1221.693212
4	37	1	2	38701.306874
4	38	1	2	-155639.564510
4	39	1	2	-214152.995642
4	40	1	2	942453.722262
4	41	1	2	874725.025797
4	42	1	2	652819.525112
4	43	1	2	298021.871366
4	44	1	2	448062.731046
4	45	1	2	578861.812628
4	46	1	2	494716.133064
4	47	1	2	245380.666758
4	48	1	2	482497.840287
4	49	1	2	264466.955445
4	50	1	2	2865662.364013
4	55	1	8	-0.779309
4	56	1	8	0.766376
4	57	1	8	-0.997716
4	58	1	8	-1.275987
4	59	1	8	-2.048795
4	60	1	8	-1.154176
4	61	1	8	-7.592754
4	62	1	8	13.975173
4	63	1	8	-402.020262
4	64	1	8	6887.156064
4	65	1	8	25157.947094
4	66	1	8	26657.111943
4	67	1	8	33278.044137
4	68	1	8	5035.087363
4	69	1	8	6884.762079
4	71	1	8	26408.544264
4	72	1	8	-53452.584502
4	73	1	8	26381.985160
4	80	1	26	-0.017845
4	81	1	26	0.031764
4	82	1	26	-0.274785
4	83	1	26	0.330492
4	84	1	26	-1.785621
4	85	1	26	8.870688
4	86	1	26	-20.293934
4	87	1	26	-275.385514
4	88	1	26	459.735667
4	89	1	26	1484.956287
4	90	1	26	2260.275203
4	91	1	26	1053.457473
4	95	1	26	-143.909452
4	100	1	26	-725244.371225
5	5	1	1	718020.010177
5	6	1	1	47722.716290
5	7	1	1	777538.973490
5	8	1	1	550645.722418
5	9	1	1	2852958.332011
5	10	1	1	1403608.353976
5	11	1	1	10296803.373000
5	12	1	1	409018.282658
5	13	1	1	2498896.312488
5	14	1	1	5818812.072374
5	15	1	1	989702.363248
5	16	1	1	3677442.014121
5	17	1	1	2041686.494660
5	18	1	1	3576525.988723
5	19	1	1	3238952.450814
5	20	1	1	4557104.387829
5	21	1	1	1274197.932562
5	22	1	1	116283.963873
5	30	1	2	1325.811801
5	31	1	2	1469.342444
5	32	1	2	1968.196101
5	33	1	2	1015.455756
5	34	1	2	1207.926200
5	35	1	2	2215.804880
5	36	1	2	1759.747117
5	37	1	2	49563.865316
5	38	1	2	-123133.797046
5	39	1	2	-826805.453455
5	40	1	2	2680335.893460
5	41	1	2	878440.349543
5	42	1	2	851547.230549
5	43	1	2	415346.440627
5	44	1	2	521227.638632
5	45	1	2	787805.494633
5	46	1	2	585702.349521
5	47	1	2	330910.339841
5	48	1	2	621050.029591
5	49	1	2	381823.251334
5	50	1	2	3481366.774319
5	55	1	8	-1.066106
5	56	1	8	1.044132
5	57	1	8	-1.347717
5	58	1	8	-1.653374
5	59	1	8	-2.778770
5	60	1	8	-1.344549
5	61	1	8	-10.601108
5	62	1	8	21.316584
5	63	1	8	-559.819026
5	64	1	8	7733.144984
5	65	1	8	30802.929863
5	66	1	8	31966.772650
5	67	1	8	41467.144988
5	68	1	8	5460.577890
5	69	1	8	9060.712654
5	71	1	8	32596.834158
5	72	1	8	-63902.414170
5	73	1	8	31717.624098
5	80	1	26	-0.024888
5	81	1	26	0.044093
5	82	1	26	-0.359327
5	83	1	26	0.446239
5	84	1	26	-2.313135
5	85	1	26	11.568491
5	86	1	26	-24.290434
5	87	1	26	-356.578098
5	88	1	26	500.953268
5	89	1	26	1817.796607
5	90	1	26	2617.674733
5	91	1	26	1305.649355
5	95	1	26	-176.098595
5	100	1	26	-889802.315135
6	6	1	1	1199509.191642
6	7	1	1	-140474.771810
6	8	1	1	2982746.603333
6	9	1	1	1415657.968723
6	10	1	1	4184073.499634
6	11	1	1	6358694.694215
6	12	1	1	7769401.980177
6	13	1	1	8065436.890191
6	14	1	1	4796928.512171
6	15	1	1	2798999.104847
6	16	1	1	4014369.264061
6	17	1	1	2899777.398819
6	18	1	1	4678801.887148
6	19	1	1	3933023.190920
6	20	1	1	5706406.140735
6	21	1	1	1839557.080143
6	22	1	1	855896.473978
6	30	1	2	1355.492677
6	31	1	2	1514.857442
6	32	1	2	2004.146573
6	33	1	2	1055.061549
6	34	1	2	1215.713698
6	35	1	2	2333.382723
6	36	1	2	1517.525436
6	37	1	2	52883.375933
6	38	1	2	-272090.329000
6	39	1	2	138458.692671
6	40	1	2	138625.974342
6	41	1	2	1383980.583615
6	42	1	2	880042.356451
6	43	1	2	380992.324134
6	44	1	2	653339.825170
6	45	1	2	754805.015079
6	46	1	2	713403.693338
6	47	1	2	322337.074847
6	48	1	2	656924.231941
6	49	1	2	327768.479759
6	50	1	2	4063267.049952
6	55	1	8	-1.011801
6	56	1	8	0.998342
6	57	1	8	-1.308735
6	58	1	8	-1.728526
6	59	1	8	-2.678728
6	60	1	8	-1.681254
6	61	1	8	-9.690866
6	62	1	8	16.430048
6	63	1	8	-514.266885
6	64	1	8	10258.743290
6	65	1	8	35484.895407
6	66	1	8	38122.822540
6	67	1	8	46374.745949
6	68	1	8	7651.074292
6	69	1	8	9218.264128
6	71	1	8	37043.412066
6	72	1	8	-76598.810050
6	73	1	8	37666.545355
6	80	1	26	-0.022796
6	81	1	26	0.040739
6	82	1	26	-0.369694
6	83	1	26	0.433643
6	84	1	26	-2.419403
6	85	1	26	11.958780
6	86	1	26	-29.053336
6	87	1	26	-373.309520
6	88	1	26	696.737915
6	89	1	26	2094.738308
6	90	1	26	3304.854280
6	91	1	26	1473.538083
6	95	1	26	-203.073661
6	100	1	26	-1021530.787103
7	7	1	1	2253788.006603
7	8	1	1	-1346486.066282
7	9	1	1	7795116.402406
7	10	1	1	119645.664524
7	11	1	1	26823779.702099
7	12	1	1	-6953332.378159
7	13	1	1	-451887.708891
7	14	1	1	13873563.486563
7	15	1	1	243341.711458
7	16	1	1	7718915.057647
7	17	1	1	3569545.968038
7	18	1	1	6680649.196874
7	19	1	1	6374684.549354
7	20	1	1	8784804.502627
7	21	1	1	2195787.443819
7	22	1	1	-534202.864065
7	30	1	2	2881.607507
7	31	1	2	3180.260462
7	32	1	2	4286.379376
7	33	1	2	2189.271808
7	34	1	2	2645.705577
7	35	1	2	4744.270985
7	36	1	2	4122.320518
7	37	1	2	105382.516543
7	38	1	2	-111872.823222
7	39	1	2	-2847244.707101
7	40	1	2	8600532.013265
7	41	1	2	1390450.246900
7	42	1	2	1840264.962804
7	43	1	2	949167.159990
7	44	1	2	1004065.212858
7	45	1	2	1765918.107855
7	46	1	2	1150449.227762
7	47	1	2	736106.283853
7	48	1	2	1326120.489774
7	49	1	2	896516.340814
7	50	1	2	7027113.825655
7	55	1	8	-2.400977
7	56	1	8	2.343617
7	57	1	8	-3.003605
7	58	1	8	-3.553715
7	59	1	8	-6.213543
7	60	1	8	-2.596349
7	61	1	8	-24.268340
7	62	1	8	52.053728
7	63	1	8	-1278.903814
7	64	1	8	14302.824945
7	65	1	8	62673.550059
7	66	1	8	63662.714970
7	67	1	8	85861.682298
7	68	1	8	9660.727094
7	69	1	8	19739.319474
7	71	1	8	66870.454867
7	72	1	8	-126832.615974
7	73	1	8	63334.584981
7	80	1	26	-0.056946
7	81	1	26	0.100508
7	82	1	26	-0.778629
7	83	1	26	0.994355
7	84	1	26	-4.970318
7	85	1	26	25.010234
7	86	1	26	-48.329306
7	87	1	26	-765.349211
7	88	1	26	891.852241
7	89	1	26	3698.343367
7	90	1	26	5017.858185
7	91	1	26	2689.264761
7	95	1	26	-357.967388
7	100	1	26	-1814116.419641
8	8	1	1	14960657.309251
8	9	1	1	-9098793.453754
8	10	1	1	17530498.752404
8	11	1	1	-25194822.178584
8	12	1	1	46554450.721843
8	13	1	1	35193402.235287
8	14	1	1	-6613070.520859
8	15	1	1	11430915.511175
8	16	1	1	2045913.764609
8	17	1	1	5382203.308427
8	18	1	1	6891649.325771
8	19	1	1	4315520.559617
8	20	1	1	7163341.803889
8	21	1	1	3548977.229377
8	22	1	1	4683879.389701
8	30	1	2	146.193396
8	31	1	2	240.006888
8	32	1	2	166.673902
8	33	1	2	216.212268
8	34	1	2	13.993324
8	35	1	2	664.863481
8	36	1	2	-1553.988043
8	37	1	2	19275.246923
8	38	1	2	-936253.689099
8	39	1	2	6140832.199184
8	40	1	2	-16155444.233107
8	41	1	2	3177178.837869
8	42	1	2	159931.256329
8	43	1	2	-228359.669984
8	44	1	2	823620.351384
8	45	1	2	-228506.015873
8	46	1	2	793689.007898
8	47	1	2	-62411.251518
8	48	1	2	211198.457219
8	49	1	2	-351909.238865
8	50	1	2	3597348.124714
8	55	1	8	0.381305
8	56	1	8	-0.326761
8	57	1	8	0.294739
8	58	1	8	-0.415404
8	59	1	8	0.727767
8	60	1	8	-2.076635
8	61	1	8	6.115485
8	62	1	8	-31.573408
8	63	1	8	307.425356
8	64	1	8	15689.191543
8	65	1	8	28873.941856
8	66	1	8	38114.838134
8	67	1	8	30024.694573
8	68	1	8	13706.909416
8	69	1	8	745.731038
8	71	1	8	27284.617621
8	72	1	8	-78828.030552
8	73	1	8	36830.611807
8	80	1	26	0.014290
8	81	1	26	-0.023058
8	82	1	26	-0.053260
8	83	1	26	-0.097573
8	84	1	26	-0.591361
8	85	1	26	2.041504
8	86	1	26	-28.982049
8	87	1	26	-98.786893
8	88	1	26	1224.056897
8	89	1	26	1703.113355
8	90	1	26	4279.484498
8	91	1	26	1029.336985
8	95	1	26	-167.672143
8	100	1	26	-812795.103783
9	9	1	1	114246600.125833
9	10	1	1	11688841.421028
9	11	1	1	399499925.263581
9	12	1	1	-81554386.271418
9	13	1	1	11768985.370922
9	14	1	1	209979614.866461
9	15	1	1	9874469.405705
9	16	1	1	119856172.891568
9	17	1	1	57829644.460697
9	18	1	1	106505836.545444
9	19	1	1	100415026.424581
9	20	1	1	139060240.242516
9	21	1	1	35687124.900162
9	22	1	1	-5761261.401212
9	30	1	2	44613.261245
9	31	1	2	49306.533472
9	32	1	2	66320.603042
9	33	1	2	33987.664960
9	34	1	2	40858.099255
9	35	1	2	73818.526645
9	36	1	2	62378.031806
9	37	1	2	1641583.634683
9	38	1	2	-2269603.521363
9	39	1	2	-40663405.162809
9	40	1	2	123667651.383918
9	41	1	2	23129725.534960
9	42	1	2	28402279.337223
9	43	1	2	14494549.599895
9	44	1	2	15894876.546558
9	45	1	2	27058898.855614
9	46	1	2	18137237.033339
9	47	1	2	11295690.334464
9	48	1	2	20531519.154330
9	49	1	2	13613019.927656
9	50	1	2	110097006.638434
9	55	1	8	-36.887638
9	56	1	8	36.032666
9	57	1	8	-46.251592
9	58	1	8	-55.160555
9	59	1	8	-95.560439
9	60	1	8	-41.347287
9	61	1	8	-371.351357
9	62	1	8	785.547167
9	63	1	8	-19582.777301
9	64	1	8	229921.087398
9	65	1	8	980227.695891
9	66	1	8	1001181.179909
9	67	1	8	1337925.479390
9	68	1	8	156373.908998
9	69	1	8	304569.525308
9	71	1	8	1044648.291015
9	72	1	8	-1994135.358930
9	73	1	8	995187.595381
9	80	1	26	-0.874113
9	81	1	26	1.543687
9	82	1	26	-12.056000
9	83	1	26	15.336389
9	84	1	26	-77.118170
9	85	1	26	387.817600
9	86	1	26	-766.535463
9	87	1	26	-11811.630958
9	88	1	26	14422.211056
9	89	1	26	57903.565368
9	90	1	26	79609.076505
9	91	1	26	41960.617308
9	95	1	26	-5584.140037
9	100	1	26	-28348172.525129
10	10	1	1	875030402.230953
10	11	1	1	-771154201.842555
10	12	1	1	2322789898.462193
10	13	1	1	2117052297.822541
10	14	1	1	25247774.204850
10	15	1	1	680059979.334685
10	16	1	1	367500372.049867
10	17	1	1	421224732.242292
10	18	1	1	609305786.241821
10	19	1	1	448664450.959818
10	20	1	1	678778408.536382
10	21	1	1	278747062.891850
10	22	1	1	279840000.407837
10	30	1	2	-1144.838849
10	31	1	2	-8209.308741
10	32	1	2	1287.208960
10	33	1	2	-10283.538745
10	34	1	2	8126.133498
10	35	1	2	-36186.332929
10	36	1	2	105361.193645
10	37	1	2	-294698.965880
10	38	1	2	-41282476.978893
10	39	1	2	335963932.398396
10	40	1	2	-677910685.152140
10	41	1	2	217915717.742292
10	42	1	2	67239791.560497
10	43	1	2	11381226.925566
10	44	1	2	78575081.122135
10	45	1	2	38269836.102543
10	46	1	2	78998561.651206
10	47	1	2	18359136.321006
10	48	1	2	48844142.589533
10	49	1	2	4621052.087088
10	50	1	2	415762998.568860
10	55	1	8	3.985050
10	56	1	8	-1.954656
10	57	1	8	-2.778228
10	58	1	8	-37.193852
10	59	1	8	-20.722697
10	60	1	8	-94.027281
10	61	1	8	62.435675
10	62	1	8	-800.347952
10	63	1	8	4413.089716
10	64	1	8	819031.498184
10	65	1	8	3511466.485964
10	66	1	8	3789848.167499
10	67	1	8	4194294.942442
10	68	1	8	966052.872951
10	69	1	8	489736.997341
10	71	1	8	3281492.317233
10	72	1	8	-8502485.990635
10	73	1	8	3800704.702851
10	80	1	26	1.196301
10	81	1	26	-1.884280
10	82	1	26	-9.561937
10	83	1	26	-8.743193
10	84	1	26	-66.149133
10	85	1	26	174.779786
10	86	1	26	-372.466816
10	87	1	26	-36837.390739
10	88	1	26	83452.867171
10	89	1	26	183508.659053
10	90	1	26	368691.630942
10	91	1	26	133656.244108
10	95	1	26	-26452.329096
10	100	1	26	-105290391.571256
11	11	1	1	6969105464.923415
11	12	1	1	-10931951955.180950
11	13	1	1	-6551156141.953066
11	14	1	1	3524350632.203633
11	15	1	1	-2024847125.225315
11	16	1	1	851757722.269158
11	17	1	1	-364414079.433173
11	18	1	1	-131477095.636492
11	19	1	1	260577271.688948
11	20	1	1	275645744.244224
11	21	1	1	-303826652.082010
11	22	1	1	-1068692620.002963
11	30	1	2	190250.132617
11	31	1	2	256524.802785
11	32	1	2	258585.882385
11	33	1	2	207200.557089
11	34	1	2	109148.406469
11	35	1	2	550315.448447
11	36	1	2	-564812.717692
11	37	1	2	11303902.747688
11	38	1	2	-82516032.430465
11	39	1	2	-992924342.178983
11	40	1	2	4412983770.659801
11	41	1	2	-377659147.348929
11	42	1	2	327463026.990730
11	43	1	2	170885758.083019
11	44	1	2	37870812.356150
11	45	1	2	324360043.412652
11	46	1	2	65649389.200776
11	47	1	2	127728556.409784
11	48	1	2	214160497.437339
11	49	1	2	209853627.042271
11	50	1	2	569515796.546246
11	55	1	8	-788.066328
11	56	1	8	767.727287
11	57	1	8	-979.793986
11	58	1	8	-1122.385613
11	59	1	8	-1866.965759
11	60	1	8	-829.366669
11	61	1	8	-7458.443985
11	62	1	8	16055.360239
11	63	1	8	-420652.892690
11	64	1	8	7983845.814867
11	65	1	8	5321971.323975
11	66	1	8	9408709.734720
11	67	1	8	10010654.257367
11	68	1	8	1342164.900535
11	69	1	8	4469666.250068
11	71	1	8	10161801.100255
11	72	1	8	-5501129.399451
11	73	1	8	7768140.145476
11	80	1	26	-28.620274
11	81	1	26	49.162609
11	82	1	26	-237.983926
11	83	1	26	443.619344
11	84	1	26	-1578.772918
11	85	1	26	9136.315196
11	86	1	26	-28151.835618
11	87	1	26	32419.419109
11	88	1	26	35652.185165
11	89	1	26	567729.883632
11	90	1	26	359627.421179
11	91	1	26	341441.015662
11	95	1	26	26631.774833
11	100	1	26	-123058441.050769
12	12	1	1	78491565720.652496
12	13	1	1	38152924908.453339
12	14	1	1	-13105683019.276651
12	15	1	1	12753240674.287594
12	16	1	1	-864835902.324298
12	17	1	1	4610577807.824557
12	18	1	1	4907506347.226496
12	19	1	1	2382185990.255925
12	20	1	1	3777572014.724395
12	21	1	1	3215737898.601404
12	22	1	1	5866557673.846091
12	30	1	2	-223832.466149
12	31	1	2	-498162.779546
12	32	1	2	-199496.110495
12	33	1	2	-508114.147400
12	34	1	2	150376.264462
12	35	1	2	-1658672.322054
12	36	1	2	4335720.238094
12	37	1	2	-33551146.045231
12	38	1	2	593976907.966883
12	39	1	2	-1197074283.142730
12	40	1	2	-22795799737.124344
12	41	1	2	3848123046.411411
12	42	1	2	-1165567526.522382
12	43	1	2	-177840428.086826
12	44	1	2	328487274.925994
12	45	1	2	-786407517.550262
12	46	1	2	363667217.614553
12	47	1	2	-291114927.737268
12	48	1	2	-449025018.007166
12	49	1	2	-639881532.998165
12	50	1	2	1086475619.122911
12	55	1	8	1688.950804
12	56	1	8	-1640.900597
12	57	1	8	2081.946418
12	58	1	8	2281.925115
12	59	1	8	3588.083114
12	60	1	8	1662.201716
12	61	1	8	14973.710831
12	62	1	8	-35210.831167
12	63	1	8	992533.280972
12	64	1	8	-50039715.823070
12	65	1	8	9152295.974617
12	66	1	8	-23457899.954501
12	67	1	8	-6288176.108505
12	68	1	8	-4543419.620111
12	69	1	8	-13839998.893475
12	71	1	8	-20970612.150959
12	72	1	8	-50196596.666393
12	73	1	8	-11077200.724361
12	80	1	26	115.741790
12	81	1	26	-196.166406
12	82	1	26	662.539817
12	83	1	26	-1697.900654
12	84	1	26	4665.001126
12	85	1	26	-30839.205081
12	86	1	26	130396.663511
12	87	1	26	-1066771.246847
12	88	1	26	791727.070363
12	89	1	26	-1060514.233287
12	90	1	26	1379595.807000
12	91	1	26	-363897.889336
12	95	1	26	-365356.558880
12	100	1	26	-415485170.664306
13	13	1	1	108809988208.980881
13	14	1	1	15748859241.322046
13	15	1	1	20809622611.208500
13	16	1	1	32322377463.074459
13	17	1	1	15051638166.437935
13	18	1	1	22104411638.756916
13	19	1	1	20440835489.175594
13	20	1	1	18559487575.218201
13	21	1	1	14400325172.756657
13	22	1	1	35064661207.260193
13	30	1	2	400975.250214
13	31	1	2	522856.243881
13	32	1	2	557437.913239
13	33	1	2	413221.026169
13	34	1	2	257414.213198
13	35	1	2	1069771.730274
13	36	1	2	-847754.920378
13	37	1	2	20845874.863767
13	38	1	2	80453187.613317
13	39	1	2	1972318508.888468
13	40	1	2	-17416297797.828487
13	41	1	2	-7147519276.727468
13	42	1	2	5590277089.985250
13	43	1	2	-5954828522.248564
13	44	1	2	1645198664.360055
13	45	1	2	-1073156489.107329
13	46	1	2	-825723463.210987
13	47	1	2	-412065646.664373
13	48	1	2	-2053387909.143428
13	49	1	2	-3508486899.123046
13	50	1	2	4022356241.415892
13	55	1	8	10324.056192
13	56	1	8	-10100.256759
13	57	1	8	13006.862408
13	58	1	8	15609.017311
13	59	1	8	24479.767844
13	60	1	8	13363.475825
13	61	1	8	93865.916972
13	62	1	8	-168887.918860
13	63	1	8	4918569.809924
13	64	1	8	627021.196555
13	65	1	8	-14128270.982177
13	66	1	8	24565586.157976
13	67	1	8	22500924.525744
13	68	1	8	-13179312.154014
13	69	1	8	-98159857.615021
13	71	1	8	-109897897.615833
13	72	1	8	-197397775.545269
13	73	1	8	14117155.247226
13	80	1	26	-200.109697
13	81	1	26	334.348249
13	82	1	26	-599.417043
13	83	1	26	2730.033928
13	84	1	26	-4759.848478
13	85	1	26	40810.517883
13	86	1	26	-230601.088308
13	87	1	26	2794382.612246
13	88	1	26	-13699591.109976
13	89	1	26	-105943.671302
13	90	1	26	-6758562.737319
13	91	1	26	-102175.824861
13	95	1	26	-1897678.228318
13	100	1	26	-1850977078.134959
14	14	1	1	79407287299.219315
14	15	1	1	4521480449.740942
14	16	1	1	42012054613.782806
14	17	1	1	24738213026.021240
14	18	1	1	14181931592.596592
14	19	1	1	31857840965.573479
14	20	1	1	19800527098.205006
14	21	1	1	16037254608.577316
14	22	1	1	36097536384.372772
14	30	1	2	399368.919059
14	31	1	2	499063.757169
14	32	1	2	567297.680711
14	33	1	2	382405.666664
14	34	1	2	287673.925589
14	35	1	2	952822.625664
14	36	1	2	-423649.680627
14	37	1	2	18201866.923513
14	38	1	2	177235092.079319
14	39	1	2	-648031659.777857
14	40	1	2	10723720891.124203
14	41	1	2	-6263876739.541550
14	42	1	2	1239089898.922478
14	43	1	2	-401552216.899790
14	44	1	2	-2595243255.900855
14	45	1	2	3949862130.286183
14	46	1	2	-2694919694.122658
14	47	1	2	799456985.132253
14	48	1	2	-1584359079.129867
14	49	1	2	-3005051402.475107
14	50	1	2	7119266175.594977
14	55	1	8	263.764955
14	56	1	8	-392.685037
14	57	1	8	872.353194
14	58	1	8	3260.533876
14	59	1	8	804.387794
14	60	1	8	8034.547665
14	61	1	8	-7633.233919
14	62	1	8	95637.755895
14	63	1	8	-986346.887574
14	64	1	8	178086296.664567
14	65	1	8	-48489462.558303
14	66	1	8	148102800.065421
14	67	1	8	73599344.412114
14	68	1	8	-6677651.427617
14	69	1	8	-68166769.955919
14	71	1	8	-58332565.388211
14	72	1	8	-228604496.892323
14	73	1	8	104707749.686307
14	80	1	26	-70.038212
14	81	1	26	115.291217
14	82	1	26	-10.940731
14	83	1	26	837.571008
14	84	1	26	-215.891849
14	85	1	26	7855.817062
14	86	1	26	-60530.829509
14	87	1	26	1788376.436383
14	88	1	26	-10721154.848904
14	89	1	26	1704041.231505
14	90	1	26	-6196464.905695
14	91	1	26	3006147.084951
14	95	1	26	-1730734.174147
14	100	1	26	-2732101210.905993
15	15	1	1	55784198784.113419
15	16	1	1	-4794500720.330385
15	17	1	1	20978382553.870575
15	18	1	1	18925018085.216034
15	19	1	1	9394609738.923349
15	20	1	1	17359982536.052547
15	21	1	1	12778746654.305893
15	22	1	1	26530924799.505283
15	30	1	2	121553.384097
15	31	1	2	146817.362003
15	32	1	2	175342.141981
15	33	1	2	109555.270539
15	34	1	2	94720.280931
15	35	1	2	264107.063926
15	36	1	2	-37163.034761
15	37	1	2	5056524.505337
15	38	1	2	63311850.001470
15	39	1	2	457562458.853080
15	40	1	2	-5290277306.908734
15	41	1	2	2813868352.675056
15	42	1	2	-2248370921.339229
15	43	1	2	-1605373444.631916
15	44	1	2	4159184652.408101
15	45	1	2	-3944078957.581942
15	46	1	2	2052559652.320070
15	47	1	2	-1268170123.473711
15	48	1	2	-1533578804.306814
15	49	1	2	-2580060698.810036
15	50	1	2	3131588439.040654
15	55	1	8	-102.830751
15	56	1	8	-2.728072
15	57	1	8	284.907380
15	58	1	8	2028.036532
15	59	1	8	-289.145264
15	60	1	8	5839.178005
15	61	1	8	-9298.379064
15	62	1	8	80785.318854
15	63	1	8	-921060.348446
15	64	1	8	138403724.865482
15	65	1	8	-95006902.105839
15	66	1	8	76061459.710562
15	67	1	8	-94002586.455609
15	68	1	8	40620777.644361
15	69	1	8	-91048292.624790
15	71	1	8	-75828467.583618
15	72	1	8	-125180079.360718
15	73	1	8	44960645.252418
15	80	1	26	49.345793
15	81	1	26	-86.074861
15	82	1	26	562.200481
15	83	1	26	-877.943886
15	84	1	26	3960.999668
15	85	1	26	-21739.508836
15	86	1	26	88157.342758
15	87	1	26	-264658.028079
15	88	1	26	-955732.465145
15	89	1	26	-7320182.323558
15	90	1	26	3208632.896081
15	91	1	26	-1965140.410910
15	95	1	26	-1507038.965429
15	100	1	26	-1515556318.969263
16	16	1	1	87913843831.743011
16	17	1	1	-2764278483.801128
16	18	1	1	12064274404.675486
16	19	1	1	32787663781.532684
16	20	1	1	8294887916.889664
16	21	1	1	9105895974.149614
16	22	1	1	33443594231.826725
16	30	1	2	293108.816254
16	31	1	2	372418.834697
16	32	1	2	412961.091053
16	33	1	2	288913.133215
16	34	1	2	202305.785886
16	35	1	2	731098.790270
16	36	1	2	-428724.521506
16	37	1	2	14062369.481936
16	38	1	2	104972565.216245
16	39	1	2	-15688708.772034
16	40	1	2	3203312982.040709
16	41	1	2	-6297350033.263954
16	42	1	2	3977469723.819310
16	43	1	2	-4983224911.025432
16	44	1	2	-5497228198.978602
16	45	1	2	7568098505.091290
16	46	1	2	-6638627004.074777
16	47	1	2	1795861240.867607
16	48	1	2	-1738594534.231301
16	49	1	2	-2610312322.685429
16	50	1	2	2997645781.106506
16	55	1	8	4377.983244
16	56	1	8	-4278.083646
16	57	1	8	5495.612627
16	58	1	8	6525.043054
16	59	1	8	10547.969959
16	60	1	8	5313.623348
16	61	1	8	40844.215773
16	62	1	8	-78354.118585
16	63	1	8	2169149.797118
16	64	1	8	-15288499.702198
16	65	1	8	11244960.393567
16	66	1	8	-178596151.315387
16	67	1	8	148205030.883319
16	68	1	8	-127331932.890327
16	69	1	8	-38511705.409117
16	71	1	8	-128362513.477495
16	72	1	8	-187966052.158928
16	73	1	8	1922878.078553
16	80	1	26	-130.573086
16	81	1	26	219.071494
16	82	1	26	-494.145324
16	83	1	26	1822.452575
16	84	1	26	-3742.714116
16	85	1	26	29135.218649
16	86	1	26	-157993.049827
16	87	1	26	2236438.939860
16	88	1	26	-8679768.819065
16	89	1	26	1084434.759998
16	90	1	26	-12478194.559945
16	91	1	26	3126686.039170
16	95	1	26	-808154.677123
16	100	1	26	-1011858277.903596
17	17	1	1	93644153289.144592
17	18	1	1	-10936684671.656895
17	19	1	1	27460213501.112209
17	20	1	1	28595371985.970825
17	21	1	1	34844116919.797417
17	22	1	1	53746712248.539742
17	30	1	2	171233.189356
17	31	1	2	209826.126596
17	32	1	2	245438.970733
17	33	1	2	158373.615366
17	34	1	2	129215.349706
17	35	1	2	387309.766360
17	36	1	2	-105889.606326
17	37	1	2	7396604.838361
17	38	1	2	85064899.772757
17	39	1	2	112416844.214391
17	40	1	2	-645932080.223313
17	41	1	2	581263180.874444
17	42	1	2	-35004836.804797
17	43	1	2	1638311186.134782
17	44	1	2	-3056931371.428900
17	45	1	2	-4085108173.718137
17	46	1	2	2363100814.119665
17	47	1	2	-2173736791.260465
17	48	1	2	-5832880686.808399
17	49	1	2	-6182173828.367661
17	50	1	2	3221880573.492875
17	55	1	8	-731.565650
17	56	1	8	589.586723
17	57	1	8	-415.791533
17	58	1	8	1564.396693
17	59	1	8	-1715.564085
17	60	1	8	6318.860717
17	61	1	8	-16631.950732
17	62	1	8	108429.805086
17	63	1	8	-1438931.032284
17	64	1	8	180553651.249494
17	65	1	8	-96285169.538316
17	66	1	8	266623786.161108
17	67	1	8	-435506672.842587
17	68	1	8	299907540.946732
17	69	1	8	-274730770.826485
17	71	1	8	-181385850.682917
17	72	1	8	-202416477.271156
17	73	1	8	45504215.514218
17	80	1	26	33.580737
17	81	1	26	-59.545339
17	82	1	26	494.730399
17	83	1	26	-674.331228
17	84	1	26	3572.627453
17	85	1	26	-18818.310167
17	86	1	26	68712.903251
17	87	1	26	-452233.855219
17	88	1	26	-3394095.605346
17	89	1	26	-3836913.021940
17	90	1	26	-14948.548156
17	91	1	26	-3887442.419608
17	95	1	26	-2679665.574279
17	100	1	26	-2141667507.033397
18	18	1	1	153589758398.399811
18	19	1	1	47663943235.665298
18	20	1	1	58736463736.038956
18	21	1	1	35648413327.476120
18	22	1	1	148074306162.422760
18	30	1	2	297161.485753
18	31	1	2	368837.814734
18	32	1	2	423409.840538
18	33	1	2	281168.643934
18	34	1	2	217556.523127
18	35	1	2	696297.340611
18	36	1	2	-271216.466213
18	37	1	2	13325042.724087
18	38	1	2	134343357.249587
18	39	1	2	105030296.997017
18	40	1	2	613127888.129531
18	41	1	2	376447803.097631
18	42	1	2	2058587180.672367
18	43	1	2	-2009801529.211467
18	44	1	2	7931300562.770642
18	45	1	2	-18691839142.769970
18	46	1	2	-10246429453.463348
18	47	1	2	-7854375110.293900
18	48	1	2	-9142916773.715399
18	49	1	2	-21952241370.227730
18	50	1	2	-3946967779.330860
18	55	1	8	3314.598814
18	56	1	8	-3334.785253
18	57	1	8	4545.096927
18	58	1	8	6949.342305
18	59	1	8	7719.711989
18	60	1	8	9644.341975
18	61	1	8	22359.567961
18	62	1	8	16616.787405
18	63	1	8	831890.776592
18	64	1	8	108859208.665613
18	65	1	8	24025389.748768
18	66	1	8	-38201389.443968
18	67	1	8	396884565.557308
18	68	1	8	-423108234.466285
18	69	1	8	6902324.827056
18	71	1	8	-325069447.596759
18	72	1	8	-413809832.833086
18	73	1	8	45423056.640921
18	80	1	26	-19.695412
18	81	1	26	29.879775
18	82	1	26	285.814259
18	83	1	26	115.720212
18	84	1	26	1751.249097
18	85	1	26	-5011.268696
18	86	1	26	4983.237993
18	87	1	26	1727480.924270
18	88	1	26	-4714285.672218
18	89	1	26	5032958.712729
18	90	1	26	-4099552.247060
18	91	1	26	-73466.898917
18	95	1	26	-1828946.176222
18	100	1	26	-564333008.997853
19	19	1	1	276399235781.958740
19	20	1	1	8028822838.267070
19	21	1	1	107392387073.473190
19	22	1	1	219079181950.263672
19	30	1	2	260405.649989
19	31	1	2	324202.208066
19	32	1	2	370493.941620
19	33	1	2	247716.119326
19	34	1	2	189232.032596
19	35	1	2	615257.387102
19	36	1	2	-256338.865742
19	37	1	2	11787002.887141
19	38	1	2	113900720.265102
19	39	1	2	33471682.451010
19	40	1	2	1420804859.226136
19	41	1	2	-1616975417.567744
19	42	1	2	1969031240.112226
19	43	1	2	-574960201.165773
19	44	1	2	-4809924848.958646
19	45	1	2	7019772496.047591
19	46	1	2	-53322894122.484604
19	47	1	2	15888605296.887730
19	48	1	2	-28183202615.502647
19	49	1	2	-24932957266.776707
19	50	1	2	-7801549153.091269
19	55	1	8	2628.283225
19	56	1	8	-2640.335887
19	57	1	8	3588.148866
19	58	1	8	5441.317681
19	59	1	8	6329.600473
19	60	1	8	7343.362778
19	61	1	8	18784.004863
19	62	1	8	7631.701831
19	63	1	8	697508.842860
19	64	1	8	89576385.318353
19	65	1	8	-68434425.008887
19	66	1	8	88058149.744043
19	67	1	8	-217643962.136025
19	68	1	8	135760495.088196
19	69	1	8	-940493560.756244
19	71	1	8	-899687964.021935
19	72	1	8	-649749222.226149
19	73	1	8	-44538432.866957
19	80	1	26	9.137575
19	81	1	26	-19.096429
19	82	1	26	464.204401
19	83	1	26	-327.305328
19	84	1	26	3080.268092
19	85	1	26	-13616.848733
19	86	1	26	39480.612755
19	87	1	26	382802.281646
19	88	1	26	-1821804.410757
19	89	1	26	-1053492.538610
19	90	1	26	6596883.516141
19	91	1	26	-3404180.644734
19	95	1	26	-2164451.469802
19	100	1	26	-579213392.540982
20	20	1	1	280886572762.895081
20	21	1	1	-19486250756.896664
20	22	1	1	127465264475.906891
20	30	1	2	370112.687322
20	31	1	2	458325.988989
20	32	1	2	527931.912012
20	33	1	2	348768.768115
20	34	1	2	272480.800446
20	35	1	2	861760.899569
20	36	1	2	-317694.146670
20	37	1	2	16480000.605886
20	38	1	2	170964103.540632
20	39	1	2	91691881.157551
20	40	1	2	1245404741.329652
20	41	1	2	1204362169.128835
20	42	1	2	3644085070.909799
20	43	1	2	-2099507340.808392
20	44	1	2	7583654811.319459
20	45	1	2	-16577241974.838917
20	46	1	2	15434486491.011881
20	47	1	2	-47990836802.768517
20	48	1	2	15778079827.331615
20	49	1	2	-32460979166.620499
20	50	1	2	10417211270.046665
20	55	1	8	4496.756751
20	56	1	8	-4626.783053
20	57	1	8	6577.771269
20	58	1	8	11542.542094
20	59	1	8	9650.385606
20	60	1	8	19316.676307
20	61	1	8	19077.604657
20	62	1	8	113652.526081
20	63	1	8	118407.435115
20	64	1	8	307281493.509167
20	65	1	8	32379559.010441
20	66	1	8	299558029.455390
20	67	1	8	-91079089.428633
20	68	1	8	319482906.065065
20	69	1	8	-683851785.639724
20	71	1	8	246492588.854178
20	72	1	8	-592604172.734341
20	73	1	8	-59686153.485791
20	80	1	26	148.458734
20	81	1	26	-256.492930
20	82	1	26	1409.653250
20	83	1	26	-2506.467152
20	84	1	26	10046.251630
20	85	1	26	-57631.447585
20	86	1	26	242354.239075
20	87	1	26	489614.966839
20	88	1	26	541453.916445
20	89	1	26	3756153.178515
20	90	1	26	6705839.362076
20	91	1	26	5854910.188808
20	95	1	26	-1095968.757542
20	100	1	26	-4064472905.752888
21	21	1	1	309885217202.944458
21	22	1	1	108696883633.383240
21	30	1	2	111537.471979
21	31	1	2	139166.231253
21	32	1	2	158513.226908
21	33	1	2	106509.217696
21	34	1	2	80606.251135
21	35	1	2	265126.358539
21	36	1	2	-116014.943560
21	37	1	2	5090568.966382
21	38	1	2	46698156.579372
21	39	1	2	107390354.713736
21	40	1	2	-490141232.496823
21	41	1	2	-1066194965.964071
21	42	1	2	178628620.995900
21	43	1	2	-867786162.987335
21	44	1	2	202721176.216139
21	45	1	2	-8232492299.617657
21	46	1	2	-12682115577.572754
21	47	1	2	2963701250.932938
21	48	1	2	-75836699261.708603
21	49	1	2	8511531252.022814
21	50	1	2	-10349596850.756742
21	55	1	8	379.140506
21	56	1	8	-388.521827
21	57	1	8	548.288339
21	58	1	8	963.756129
21	59	1	8	1148.804044
21	60	1	8	1411.096141
21	61	1	8	2991.226151
21	62	1	8	2829.625744
21	63	1	8	90675.455580
21	64	1	8	14219872.911808
21	65	1	8	-85263584.399758
21	66	1	8	12418199.373468
21	67	1	8	-225265095.318264
21	68	1	8	51008811.159130
21	69	1	8	-562171232.681651
21	71	1	8	-1556109950.192007
21	72	1	8	-139808060.092422
21	73	1	8	97333678.415065
21	80	1	26	-22.398808
21	81	1	26	36.255498
21	82	1	26	63.604313
21	83	1	26	287.293114
21	84	1	26	81.656127
21	85	1	26	2731.204804
21	86	1	26	-13485.981028
21	87	1	26	444662.552452
21	88	1	26	-1577972.231206
21	89	1	26	356167.708793
21	90	1	26	1627336.578274
21	91	1	26	2672022.878680
21	95	1	26	48666.797374
21	100	1	26	853612318.262681
22	22	1	1	766547801235.746582
22	30	1	2	39874.662201
22	31	1	2	57027.907946
22	32	1	2	52667.780241
22	33	1	2	47857.347182
22	34	1	2	18384.702517
22	35	1	2	132359.168539
22	36	1	2	-179797.164002
22	37	1	2	2633939.686828
22	38	1	2	-10979297.458742
22	39	1	2	323855138.625309
22	40	1	2	-2728567068.572896
22	41	1	2	-5602453531.260091
22	42	1	2	-532130708.417041
22	43	1	2	-3717646958.366293
22	44	1	2	-9898709.401923
22	45	1	2	-20538689953.882000
22	46	1	2	-42866785340.542404
22	47	1	2	-9311673748.966848
22	48	1	2	-35169004266.210098
22	49	1	2	-106628704859.238632
22	50	1	2	-39567840858.859154
22	55	1	8	2038.343462
22	56	1	8	-1875.671074
22	57	1	8	2092.798777
22	58	1	8	589.979234
22	59	1	8	5040.005081
22	60	1	8	-4241.189476
22	61	1	8	28409.202691
22	62	1	8	-121428.618217
22	63	1	8	1829774.620965
22	64	1	8	-105289541.688323
22	65	1	8	-258878074.580283
22	66	1	8	-199347252.774731
22	67	1	8	-463764179.335647
22	68	1	8	-155837542.676169
22	69	1	8	-1104700152.239392
22	71	1	8	-2770954196.791234
22	72	1	8	-2232896732.609024
22	73	1	8	-963304845.065497
22	80	1	26	-177.098121
22	81	1	26	302.232096
22	82	1	26	-1250.903925
22	83	1	26	2722.663931
22	84	1	26	-8775.743133
22	85	1	26	54405.040628
22	86	1	26	-254211.199826
22	87	1	26	854915.825607
22	88	1	26	-10235089.231370
22	89	1	26	-3434531.705060
22	90	1	26	-6226138.080521
22	91	1	26	-4643797.056759
22	95	1	26	-3406199.415158
22	100	1	26	3544061688.493027
30	30	2	2	22906.210880
30	31	2	2	-2316.998312
30	32	2	2	6288.455853
30	33	2	2	840.399190
30	34	2	2	2611.216131
30	35	2	2	3408.178885
30	36	2	2	4300.294433
30	37	2	2	45387.864761
30	38	2	2	44476.845885
30	39	2	2	129297.935392
30	40	2	2	159340.379824
30	41	2	2	59418.838969
30	42	2	2	72642.851179
30	43	2	2	22010.600033
30	44	2	2	43795.317161
30	45	2	2	54605.351159
30	46	2	2	45670.260055
30	47	2	2	23852.225649
30	48	2	2	45777.056257
30	49	2	2	24844.465895
30	50	2	2	269817.695877
30	55	2	8	-0.074442
30	56	2	8	0.072478
30	57	2	8	-0.092383
30	58	2	8	-0.106579
30	59	2	8	-0.197368
30	60	2	8	-0.068010
30	61	2	8	-0.784541
30	62	2	8	1.819742
30	63	2	8	-41.751325
30	64	2	8	742.532194
30	65	2	8	2292.940412
30	66	2	8	2623.652638
30	67	2	8	3043.751440
30	68	2	8	528.726562
30	69	2	8	602.259809
30	71	2	8	2481.064034
30	72	2	8	-5031.183865
30	73	2	8	2519.468959
30	80	2	26	-0.000979
30	81	2	26	0.001791
30	82	2	26	-0.020545
30	83	2	26	0.019675
30	84	2	26	-0.128112
30	85	2	26	0.588213
30	86	2	26	-0.600912
30	87	2	26	-32.367449
30	88	2	26	42.765193
30	89	2	26	127.507959
30	90	2	26	202.917329
30	91	2	26	99.484193
30	95	2	26	-15.923791
30	100	2	26	-71004.946277
31	31	2	2	22738.322454
31	32	2	2	-6015.713048
31	33	2	2	5932.006179
31	34	2	2	227.881040
31	35	2	2	7381.458143
31	36	2	2	-1410.683178
31	37	2	2	69179.144784
31	38	2	2	40306.261103
31	39	2	2	198614.157991
31	40	2	2	220387.788746
31	41	2	2	61250.695918
31	42	2	2	95301.137010
31	43	2	2	22735.392258
31	44	2	2	54973.692348
31	45	2	2	66312.947859
31	46	2	2	55537.321235
31	47	2	2	29386.680929
31	48	2	2	55813.875424
31	49	2	2	29599.653374
31	50	2	2	331413.115722
31	55	2	8	-0.081438
31	56	2	8	0.078819
31	57	2	8	-0.099180
31	58	2	8	-0.106959
31	59	2	8	-0.219975
31	60	2	8	-0.046083
31	61	2	8	-0.907771
31	62	2	8	2.351040
31	63	2	8	-48.380554
31	64	2	8	951.352754
31	65	2	8	2770.056469
31	66	2	8	3277.029656
31	67	2	8	3682.574849
31	68	2	8	677.958865
31	69	2	8	696.026901
31	71	2	8	3019.254313
31	72	2	8	-6203.078908
31	73	2	8	3112.208255
31	80	2	26	-0.000511
31	81	2	26	0.001012
31	82	2	26	-0.019537
31	83	2	26	0.013024
31	84	2	26	-0.117026
31	85	2	26	0.483029
31	86	2	26	0.296144
31	87	2	26	-42.910192
31	88	2	26	50.014917
31	89	2	26	147.309298
31	90	2	26	240.986846
31	91	2	26	121.697862
31	95	2	26	-21.592947
31	100	2	26	-89177.756464
32	32	2	2	13755.713959
32	33	2	2	-1296.454060
32	34	2	2	5111.858593
32	35	2	2	3054.317122
32	36	2	2	9564.160078
32	37	2	2	57947.028107
32	38	2	2	71649.885783
32	39	2	2	163746.258170
32	40	2	2	214824.119616
32	41	2	2	91478.071169
32	42	2	2	100710.270839
32	43	2	2	33868.612087
32	44	2	2	62070.494195
32	45	2	2	78610.857205
32	46	2	2	65702.550645
32	47	2	2	34106.583000
32	48	2	2	65779.596117
32	49	2	2	36079.595025
32	50	2	2	386359.515790
32	55	2	8	-0.111808
32	56	2	8	0.109115
32	57	2	8	-0.139785
32	58	2	8	-0.165380
32	59	2	8	-0.294263
32	60	2	8	-0.117708
32	61	2	8	-1.151315
32	62	2	8	2.535994
32	63	2	8	-61.233939
32	64	2	8	1042.164325
32	65	2	8	3308.937032
32	66	2	8	3727.283707
32	67	2	8	4389.652130
32	68	2	8	741.439460
32	69	2	8	886.457651
32	71	2	8	3568.405028
32	72	2	8	-7191.275157
32	73	2	8	3598.342813
32	80	2	26	-0.001779
32	81	2	26	0.003211
32	82	2	26	-0.032503
32	83	2	26	0.034235
32	84	2	26	-0.205329
32	85	2	26	0.972448
32	86	2	26	-1.427396
32	87	2	26	-44.555929
32	88	2	26	62.544288
32	89	2	26	187.705283
32	90	2	26	295.041017
32	91	2	26	142.727722
32	95	2	26	-21.687638
32	100	2	26	-100594.569717
33	33	2	2	5788.907860
33	34	2	2	-1385.583846
33	35	2	2	7339.911992
33	36	2	2	-4993.008751
33	37	2	2	60234.104240
33	38	2	2	22077.721268
33	39	2	2	173651.576736
33	40	2	2	181177.526130
33	41	2	2	39414.452488
33	42	2	2	75639.828439
33	43	2	2	14663.024574
33	44	2	2	42265.194927
33	45	2	2	49699.644674
33	46	2	2	41667.914059
33	47	2	2	22274.612315
33	48	2	2	41962.824624
33	49	2	2	21844.127012
33	50	2	2	250610.743642
33	55	2	8	-0.055679
33	56	2	8	0.053580
33	57	2	8	-0.066569
33	58	2	8	-0.066770
33	59	2	8	-0.153092
33	60	2	8	-0.012806
33	61	2	8	-0.653395
33	62	2	8	1.845529
33	63	2	8	-34.867988
33	64	2	8	742.531912
33	65	2	8	2067.454939
33	66	2	8	2510.069384
33	67	2	8	2751.807058
33	68	2	8	529.438137
33	69	2	8	500.621680
33	71	2	8	2266.548968
33	72	2	8	-4704.418555
33	73	2	8	2363.765343
33	80	2	26	0.000021
33	81	2	26	0.000067
33	82	2	26	-0.011421
33	83	2	26	0.003292
33	84	2	26	-0.064758
33	85	2	26	0.224355
33	86	2	26	0.832174
33	87	2	26	-34.298574
33	88	2	26	36.337967
33	89	2	26	105.921659
33	90	2	26	177.374446
33	91	2	26	91.734077
33	95	2	26	-17.524583
33	100	2	26	-68589.611272
34	34	2	2	5280.646175
34	35	2	2	-1720.999969
34	36	2	2	12454.759743
34	37	2	2	15155.385693
34	38	2	2	53961.212229
34	39	2	2	40400.803199
34	40	2	2	84460.725187
34	41	2	2	61364.406681
34	42	2	2	45848.875474
34	43	2	2	22672.853362
34	44	2	2	31188.740401
34	45	2	2	42077.665008
34	46	2	2	35080.713952
34	47	2	2	17776.732050
34	48	2	2	34956.746771
34	49	2	2	19962.677552
34	50	2	2	202529.538287
34	55	2	8	-0.069925
34	56	2	8	0.068752
34	57	2	8	-0.089472
34	58	2	8	-0.113929
34	59	2	8	-0.179627
34	60	2	8	-0.104469
34	61	2	8	-0.666144
34	62	2	8	1.193718
34	63	2	8	-35.351614
34	64	2	8	501.596297
34	65	2	8	1787.673296
34	66	2	8	1891.689484
34	67	2	8	2365.436989
34	68	2	8	356.007718
34	69	2	8	514.780522
34	71	2	8	1902.977381
34	72	2	8	-3742.813720
34	73	2	8	1866.292826
34	80	2	26	-0.001723
34	81	2	26	0.003041
34	82	2	26	-0.023540
34	83	2	26	0.030677
34	84	2	26	-0.153686
34	85	2	26	0.783307
34	86	2	26	-1.932029
34	87	2	26	-19.714940
34	88	2	26	35.627870
34	89	2	26	109.058624
34	90	2	26	164.084689
34	91	2	26	75.387785
34	95	2	26	-9.040896
34	100	2	26	-50482.809977
35	35	2	2	20509.927706
35	36	2	2	-23082.064810
35	37	2	2	171807.138781
35	38	2	2	27559.706217
35	39	2	2	499456.594134
35	40	2	2	489532.148426
35	41	2	2	74830.930381
35	42	2	2	196657.365088
35	43	2	2	27937.604273
35	44	2	2	105776.405598
35	45	2	2	120384.320952
35	46	2	2	101086.323550
35	47	2	2	54757.931764
35	48	2	2	102066.901596
35	49	2	2	51825.856184
35	50	2	2	614234.625911
35	55	2	8	-0.118589
35	56	2	8	0.113038
35	57	2	8	-0.137454
35	58	2	8	-0.120026
35	59	2	8	-0.335225
35	60	2	8	0.037828
35	61	2	8	-1.504883
35	62	2	8	4.756506
35	63	2	8	-80.443759
35	64	2	8	1891.272211
35	65	2	8	4980.304708
35	66	2	8	6252.493121
35	67	2	8	6638.568629
35	68	2	8	1350.754031
35	69	2	8	1145.117371
35	71	2	8	5501.725675
35	72	2	8	-11574.605137
35	73	2	8	5825.184063
35	80	2	26	0.001333
35	81	2	26	-0.002036
35	82	2	26	-0.017483
35	83	2	26	-0.012569
35	84	2	26	-0.084193
35	85	2	26	0.106666
35	86	2	26	3.967466
35	87	2	26	-90.126721
35	88	2	26	84.573707
35	89	2	26	242.195068
35	90	2	26	419.480956
35	91	2	26	223.901756
35	95	2	26	-46.741867
35	100	2	26	-171778.379566
36	36	2	2	103231.093332
36	37	2	2	-272801.372369
36	38	2	2	240276.063588
36	39	2	2	-833686.015635
36	40	2	2	-566438.999942
36	41	2	2	181107.021334
36	42	2	2	-162744.749084
36	43	2	2	66512.482258
36	44	2	2	-51395.432023
36	45	2	2	-21915.256272
36	46	2	2	-19939.371252
36	47	2	2	-17579.666334
36	48	2	2	-22585.831898
36	49	2	2	828.915330
36	50	2	2	-180148.175938
36	55	2	8	-0.129181
36	56	2	8	0.134689
36	57	2	8	-0.196073
36	58	2	8	-0.368336
36	59	2	8	-0.267948
36	60	2	8	-0.655502
36	61	2	8	-0.430214
36	62	2	8	-3.644267
36	63	2	8	-21.681499
36	64	2	8	-1215.216330
36	65	2	8	-645.973933
36	66	2	8	-2768.996464
36	67	2	8	-950.631092
36	68	2	8	-892.678393
36	69	2	8	430.695325
36	71	2	8	-1110.727721
36	72	2	8	3811.536585
36	73	2	8	-2001.116879
36	80	2	26	-0.012335
36	81	2	26	0.021097
36	82	2	26	-0.092626
36	83	2	26	0.196003
36	84	2	26	-0.669103
36	85	2	26	4.097856
36	86	2	26	-19.178804
36	87	2	26	83.815849
36	88	2	26	16.351271
36	89	2	26	91.948262
36	90	2	26	18.999920
36	91	2	26	-56.919954
36	95	2	26	49.117465
36	100	2	26	84698.440355
37	37	2	2	3234999.625033
37	38	2	2	318395.716617
37	39	2	2	9808018.047307
37	40	2	2	9514554.042330
37	41	2	2	1307421.416378
37	42	2	2	3810530.489400
37	43	2	2	483955.225971
37	44	2	2	2027767.744475
37	45	2	2	2283156.761200
37	46	2	2	1921134.327792
37	47	2	2	1044534.244665
37	48	2	2	1938814.514977
37	49	2	2	975888.689637
37	50	2	2	11712425.069797
37	55	2	8	-2.319054
37	56	2	8	2.205217
37	57	2	8	-2.666761
37	58	2	8	-2.235038
37	59	2	8	-6.551909
37	60	2	8	1.039527
37	61	2	8	-29.792855
37	62	2	8	96.166176
37	63	2	8	-1591.102301
37	64	2	8	36190.934401
37	65	2	8	94262.868926
37	66	2	8	119702.209108
37	67	2	8	125558.126910
37	68	2	8	26108.993821
37	69	2	8	21226.855728
37	71	2	8	104388.591081
37	72	2	8	-221149.689793
37	73	2	8	111084.784185
37	80	2	26	0.031950
37	81	2	26	-0.049963
37	82	2	26	-0.289637
37	83	2	26	-0.344701
37	84	2	26	-1.265072
37	85	2	26	-0.158038
37	86	2	26	88.258013
37	87	2	26	-1799.007233
37	88	2	26	1627.759124
37	89	2	26	4490.264080
37	90	2	26	7928.453073
37	91	2	26	4262.334633
37	95	2	26	-915.612800
37	100	2	26	-3301524.255049
38	38	2	2	81802043.930974
38	39	2	2	-49319629.895608
38	40	2	2	5074521.950901
38	41	2	2	69464551.098913
38	42	2	2	15846277.878360
38	43	2	2	26214586.230626
38	44	2	2	18043304.054195
38	45	2	2	30436290.242633
38	46	2	2	24806826.424308
38	47	2	2	11677372.991533
38	48	2	2	24674295.775094
38	49	2	2	15909571.472332
38	50	2	2	134765130.884769
38	55	2	8	-50.457026
38	56	2	8	50.937908
38	57	2	8	-69.884983
38	58	2	8	-109.920185
38	59	2	8	-124.494199
38	60	2	8	-152.999262
38	61	2	8	-365.585123
38	62	2	8	-40.944755
38	63	2	8	-19452.706349
38	64	2	8	268835.097805
38	65	2	8	1332674.542899
38	66	2	8	1133369.489271
38	67	2	8	1768854.228121
38	68	2	8	158566.344040
38	69	2	8	469665.553741
38	71	2	8	1363607.759221
38	72	2	8	-2408395.307258
38	73	2	8	1219113.080956
38	80	2	26	-2.772864
38	81	2	26	4.803733
38	82	2	26	-27.768383
38	83	2	26	46.575029
38	84	2	26	-191.889383
38	85	2	26	1075.204182
38	86	2	26	-4079.210977
38	87	2	26	751.817729
38	88	2	26	24623.942318
38	89	2	26	99542.788422
38	90	2	26	127598.180000
38	91	2	26	51611.261501
38	95	2	26	-587.670424
38	100	2	26	-28021985.184240
39	39	2	2	799997641.933999
39	40	2	2	-599397555.862240
39	41	2	2	-132556684.610662
39	42	2	2	58438578.890698
39	43	2	2	-129318117.022196
39	44	2	2	19078579.895423
39	45	2	2	-91647377.147391
39	46	2	2	-13734173.782071
39	47	2	2	-28265254.272260
39	48	2	2	-37172780.648533
39	49	2	2	-64568158.429365
39	50	2	2	-82099827.560254
39	55	2	8	-246.500743
39	56	2	8	232.551789
39	57	2	8	-276.040014
39	58	2	8	-191.373763
39	59	2	8	-594.729888
39	60	2	8	177.180038
39	61	2	8	-2921.426751
39	62	2	8	9920.695342
39	63	2	8	-165056.543655
39	64	2	8	3562892.414201
39	65	2	8	-2268559.940348
39	66	2	8	2283521.990123
39	67	2	8	-3186695.970689
39	68	2	8	1650091.495951
39	69	2	8	-1150767.314488
39	71	2	8	-603885.136346
39	72	2	8	1072711.678635
39	73	2	8	721567.101376
39	80	2	26	5.828828
39	81	2	26	-9.901682
39	82	2	26	36.338339
39	83	2	26	-94.056852
39	84	2	26	295.386041
39	85	2	26	-1955.997804
39	86	2	26	12219.764483
39	87	2	26	-84962.073807
39	88	2	26	106293.471828
39	89	2	26	-185268.312605
39	90	2	26	-2664.606570
39	91	2	26	-31611.252150
39	95	2	26	-14118.485560
39	100	2	26	-3417193.097532
40	40	2	2	11717542345.546947
40	41	2	2	67206654.453360
40	42	2	2	578287038.124207
40	43	2	2	1001562752.740302
40	44	2	2	147841752.817353
40	45	2	2	1235055644.302980
40	46	2	2	315449626.227607
40	47	2	2	473283689.120135
40	48	2	2	632614453.684806
40	49	2	2	776286761.783123
40	50	2	2	2318924841.572297
40	55	2	8	1721.414054
40	56	2	8	-1660.273329
40	57	2	8	2073.170002
40	58	2	8	2084.621802
40	59	2	8	3883.124452
40	60	2	8	931.067471
40	61	2	8	16797.693856
40	62	2	8	-43318.953194
40	63	2	8	992346.231490
40	64	2	8	-28792911.494105
40	65	2	8	29579327.460926
40	66	2	8	-2580821.617952
40	67	2	8	41328923.516770
40	68	2	8	-10557950.704751
40	69	2	8	10739254.244697
40	71	2	8	17341950.377828
40	72	2	8	-39978023.882671
40	73	2	8	7498329.433144
40	80	2	26	-8.271784
40	81	2	26	14.334862
40	82	2	26	-83.913429
40	83	2	26	148.494621
40	84	2	26	-631.268946
40	85	2	26	3628.915211
40	86	2	26	-16713.907211
40	87	2	26	37468.295910
40	88	2	26	-822315.056216
40	89	2	26	1508643.203668
40	90	2	26	350788.240151
40	91	2	26	862532.586625
40	95	2	26	-150560.124651
40	100	2	26	-588822550.500857
41	41	2	2	4903133574.809010
41	42	2	2	-230555515.849187
41	43	2	2	1854443027.823124
41	44	2	2	1321272035.311380
41	45	2	2	544948522.179318
41	46	2	2	1246793483.580765
41	47	2	2	278591505.651968
41	48	2	2	908595723.770812
41	49	2	2	1126125647.152322
41	50	2	2	2432881191.109284
41	55	2	8	1757.495118
41	56	2	8	-1735.808978
41	57	2	8	2280.025715
41	58	2	8	3003.195151
41	59	2	8	4149.296093
41	60	2	8	3226.315408
41	61	2	8	14624.733345
41	62	2	8	-16295.321726
41	63	2	8	706322.639137
41	64	2	8	19255670.621443
41	65	2	8	18204021.532908
41	66	2	8	17705036.904959
41	67	2	8	35629887.489177
41	68	2	8	650822.141082
41	69	2	8	15894523.137539
41	71	2	8	35324303.141895
41	72	2	8	-21643476.476920
41	73	2	8	25354633.192310
41	80	2	26	-12.578837
41	81	2	26	20.031302
41	82	2	26	74.594042
41	83	2	26	122.140584
41	84	2	26	421.639955
41	85	2	26	-345.665179
41	86	2	26	-7798.342068
41	87	2	26	431936.135270
41	88	2	26	-1217582.252700
41	89	2	26	786402.502913
41	90	2	26	32993.195772
41	91	2	26	484804.091875
41	95	2	26	-312686.615500
41	100	2	26	-632304610.716117
42	42	2	2	4205412992.118231
42	43	2	2	-1039367355.057889
42	44	2	2	1841608267.274415
42	45	2	2	363710202.198443
42	46	2	2	653076538.770421
42	47	2	2	457209617.263254
42	48	2	2	735850910.187123
42	49	2	2	564476214.064564
42	50	2	2	2458703792.849269
42	55	2	8	-1563.315209
42	56	2	8	1461.386551
42	57	2	8	-1696.645938
42	58	2	8	-922.700563
42	59	2	8	-3691.823084
42	60	2	8	1891.452926
42	61	2	8	-19548.225262
42	62	2	8	76897.048898
42	63	2	8	-1307472.151492
42	64	2	8	87871310.260438
42	65	2	8	-24331698.127871
42	66	2	8	92355937.103116
42	67	2	8	-15270313.918241
42	68	2	8	31963923.690978
42	69	2	8	-12861665.765006
42	71	2	8	26850613.853972
42	72	2	8	-30049538.890332
42	73	2	8	44265023.391275
42	80	2	26	31.961675
42	81	2	26	-55.075642
42	82	2	26	286.929593
42	83	2	26	-531.090009
42	84	2	26	2049.544350
42	85	2	26	-11944.128474
42	86	2	26	53652.918799
42	87	2	26	-29310.224401
42	88	2	26	-556501.873546
42	89	2	26	-237863.423369
42	90	2	26	672673.476317
42	91	2	26	996268.821372
42	95	2	26	-275014.184178
42	100	2	26	-817947997.968637
43	43	2	2	4544756429.923119
43	44	2	2	-1232900705.447330
43	45	2	2	1774699453.339715
43	46	2	2	265482700.576180
43	47	2	2	180336349.915453
43	48	2	2	300831554.350495
43	49	2	2	914767725.084437
43	50	2	2	840644242.457067
43	55	2	8	1918.746679
43	56	2	8	-1854.200941
43	57	2	8	2325.288156
43	58	2	8	2412.535471
43	59	2	8	4510.997092
43	60	2	8	1174.108004
43	61	2	8	19138.150648
43	62	2	8	-48576.173178
43	63	2	8	1111240.073718
43	64	2	8	-32741600.265840
43	65	2	8	19102676.163931
43	66	2	8	-85363889.445001
43	67	2	8	58879429.006668
43	68	2	8	-49618266.282830
43	69	2	8	30679065.901668
43	71	2	8	-2374331.873001
43	72	2	8	-8303457.326270
43	73	2	8	-7379175.151702
43	80	2	26	-8.223579
43	81	2	26	13.521545
43	82	2	26	0.052018
43	83	2	26	105.282776
43	84	2	26	-59.791721
43	85	2	26	1214.808234
43	86	2	26	-10881.493099
43	87	2	26	129320.202930
43	88	2	26	577488.413641
43	89	2	26	-1151220.607347
43	90	2	26	66880.637353
43	91	2	26	-714761.151230
43	95	2	26	-227791.785221
43	100	2	26	-96025166.677000
44	44	2	2	8855061562.395147
44	45	2	2	-5059327577.453857
44	46	2	2	2893961210.867159
44	47	2	2	108301157.524068
44	48	2	2	854795176.241459
44	49	2	2	430953149.140677
44	50	2	2	1978398199.663801
44	55	2	8	-1017.520339
44	56	2	8	956.783480
44	57	2	8	-1126.785235
44	58	2	8	-717.008016
44	59	2	8	-2372.330757
44	60	2	8	897.742405
44	61	2	8	-12179.476392
44	62	2	8	45623.467227
44	63	2	8	-808918.457630
44	64	2	8	52180428.291820
44	65	2	8	-23623867.264055
44	66	2	8	69407187.065077
44	67	2	8	-147929710.117407
44	68	2	8	119057244.624046
44	69	2	8	-102805267.738560
44	71	2	8	-915063.351713
44	72	2	8	-36806623.972267
44	73	2	8	4753543.012166
44	80	2	26	1.040121
44	81	2	26	-2.205199
44	82	2	26	56.702859
44	83	2	26	-44.225780
44	84	2	26	405.513153
44	85	2	26	-1880.141667
44	86	2	26	7605.348833
44	87	2	26	167685.562872
44	88	2	26	-1672244.393251
44	89	2	26	678840.509176
44	90	2	26	-3833698.413870
44	91	2	26	2345700.933236
44	95	2	26	64925.561046
44	100	2	26	-580164130.103746
45	45	2	2	12809972653.454859
45	46	2	2	-3007880031.324545
45	47	2	2	2821055844.182201
45	48	2	2	1946015838.698120
45	49	2	2	4867265941.441134
45	50	2	2	3149032913.329835
45	55	2	8	912.779988
45	56	2	8	-899.433215
45	57	2	8	1175.808617
45	58	2	8	1521.175429
45	59	2	8	2234.829542
45	60	2	8	1523.718408
45	61	2	8	8073.815366
45	62	2	8	-11469.230882
45	63	2	8	401909.909953
45	64	2	8	4532619.108182
45	65	2	8	18354446.214631
45	66	2	8	-20804096.945608
45	67	2	8	140602265.340511
45	68	2	8	-158062538.482076
45	69	2	8	162116561.580495
45	71	2	8	27554632.676650
45	72	2	8	17645062.723219
45	73	2	8	32766159.150183
45	80	2	26	-2.805642
45	81	2	26	3.829608
45	82	2	26	89.670159
45	83	2	26	-9.956559
45	84	2	26	591.686179
45	85	2	26	-2165.898478
45	86	2	26	1590.974725
45	87	2	26	58356.593087
45	88	2	26	-123688.467363
45	89	2	26	-355104.029803
45	90	2	26	1483863.653846
45	91	2	26	-4571579.395246
45	95	2	26	-1422399.782226
45	100	2	26	-701209107.650041
46	46	2	2	19270186965.826603
46	47	2	2	-2067970840.708874
46	48	2	2	6406379313.169278
46	49	2	2	8289592308.860758
46	50	2	2	8179733740.718432
46	55	2	8	73.028312
46	56	2	8	-99.860582
46	57	2	8	205.979499
46	58	2	8	709.044303
46	59	2	8	134.213160
46	60	2	8	1745.684490
46	61	2	8	-1718.519800
46	62	2	8	20612.156340
46	63	2	8	-194640.382783
46	64	2	8	32765609.217810
46	65	2	8	5809866.923808
46	66	2	8	32906398.252412
46	67	2	8	-7355067.063073
46	68	2	8	38574829.356685
46	69	2	8	-164646518.154636
46	71	2	8	34213549.195800
46	72	2	8	-30067113.254578
46	73	2	8	-64594718.800832
46	80	2	26	25.054688
46	81	2	26	-43.234647
46	82	2	26	231.057749
46	83	2	26	-406.267911
46	84	2	26	1573.043561
46	85	2	26	-8998.514580
46	86	2	26	40734.411296
46	87	2	26	160912.592210
46	88	2	26	793219.022978
46	89	2	26	1406159.501481
46	90	2	26	1268462.767275
46	91	2	26	2305887.174696
46	95	2	26	479191.158856
46	100	2	26	-1322244948.099520
47	47	2	2	14517061132.615648
47	48	2	2	-1815423452.796815
47	49	2	2	7091590914.049726
47	50	2	2	2285580162.042557
47	55	2	8	-471.899937
47	56	2	8	463.086596
47	57	2	8	-600.197505
47	58	2	8	-726.622607
47	59	2	8	-877.115351
47	60	2	8	-787.316254
47	61	2	8	-3244.733515
47	62	2	8	2420.238080
47	63	2	8	-157615.465744
47	64	2	8	-12031014.502743
47	65	2	8	-9017158.646516
47	66	2	8	2952346.080599
47	67	2	8	-59563196.047862
47	68	2	8	50025474.102539
47	69	2	8	-178992431.271383
47	71	2	8	-175271596.991438
47	72	2	8	-55636739.878280
47	73	2	8	-25853022.451340
47	80	2	26	3.892991
47	81	2	26	-7.327315
47	82	2	26	104.618835
47	83	2	26	-81.434875
47	84	2	26	617.214201
47	85	2	26	-2696.951624
47	86	2	26	10181.979269
47	87	2	26	39195.752712
47	88	2	26	956736.134326
47	89	2	26	22275.931947
47	90	2	26	2328103.283558
47	91	2	26	20150.019915
47	95	2	26	112138.620649
47	100	2	26	-335836902.666675
48	48	2	2	21211393618.261406
48	49	2	2	1740265502.926974
48	50	2	2	7118137809.423609
48	55	2	8	862.178068
48	56	2	8	-885.728047
48	57	2	8	1255.634000
48	58	2	8	2178.332473
48	59	2	8	1773.262062
48	60	2	8	3652.316678
48	61	2	8	3487.508662
48	62	2	8	21869.495473
48	63	2	8	24093.042044
48	64	2	8	57288097.724186
48	65	2	8	33261799.939563
48	66	2	8	55425319.534543
48	67	2	8	60426135.791232
48	68	2	8	21318129.182409
48	69	2	8	73435362.152755
48	71	2	8	306573805.345171
48	72	2	8	-6352369.042045
48	73	2	8	-29621536.704661
48	80	2	26	41.818530
48	81	2	26	-71.544416
48	82	2	26	316.681461
48	83	2	26	-669.628023
48	84	2	26	2308.104767
48	85	2	26	-14099.698001
48	86	2	26	61841.266937
48	87	2	26	-45487.108821
48	88	2	26	1087192.130294
48	89	2	26	1020324.628915
48	90	2	26	1622990.663734
48	91	2	26	945522.459702
48	95	2	26	50970.736693
48	100	2	26	-1209216651.027362
49	49	2	2	41451065046.365654
49	50	2	2	6954158905.027774
49	55	2	8	-647.397696
49	56	2	8	636.611226
49	57	2	8	-828.640784
49	58	2	8	-1027.607877
49	59	2	8	-1250.574494
49	60	2	8	-1136.111567
49	61	2	8	-4533.623407
49	62	2	8	3161.498510
49	63	2	8	-214424.713085
49	64	2	8	-17385135.592319
49	65	2	8	-4561339.893552
49	66	2	8	-17593833.324807
49	67	2	8	-4266909.806238
49	68	2	8	-46750038.713606
49	69	2	8	-32515107.785968
49	71	2	8	-747796475.758950
49	72	2	8	255315797.770028
49	73	2	8	42527523.253460
49	80	2	26	9.711396
49	81	2	26	-17.352896
49	82	2	26	155.549272
49	83	2	26	-158.017471
49	84	2	26	870.279626
49	85	2	26	-4054.652505
49	86	2	26	20232.629158
49	87	2	26	103179.211901
49	88	2	26	1705341.830376
49	89	2	26	1116302.271304
49	90	2	26	2764316.735848
49	91	2	26	1356405.800237
49	95	2	26	704353.782566
49	100	2	26	-568288305.040438
50	50	2	2	30787173029.512878
50	55	2	8	125.098267
50	56	2	8	-254.221431
50	57	2	8	686.418911
50	58	2	8	3003.961739
50	59	2	8	657.142384
50	60	2	8	7610.304927
50	61	2	8	-7835.137973
50	62	2	8	90066.570881
50	63	2	8	-901335.948495
50	64	2	8	138011112.893744
50	65	2	8	47509228.980457
50	66	2	8	146549019.402653
50	67	2	8	54194365.637158
50	68	2	8	49759887.957656
50	69	2	8	-75828045.337188
50	71	2	8	132036251.328150
50	72	2	8	-673662605.768842
50	73	2	8	-369517715.163249
50	80	2	26	99.021997
50	81	2	26	-173.228512
50	82	2	26	1181.767461
50	83	2	26	-1727.029073
50	84	2	26	7958.883574
50	85	2	26	-42644.291268
50	86	2	26	176262.717787
50	87	2	26	428573.384282
50	88	2	26	3848156.542268
50	89	2	26	3774883.175529
50	90	2	26	7950024.984244
50	91	2	26	5083508.615190
50	95	2	26	-809703.829025
50	100	2	26	-6118150047.237893
55	55	8	8	96.978835
55	56	8	8	-66.279374
55	57	8	8	20.595284
55	58	8	8	-4.472152
55	59	8	8	11.128669
55	60	8	8	2.707194
55	61	8	8	18.700693
55	62	8	8	11.677125
55	63	8	8	355.898824
55	64	8	8	-316.319001
55	65	8	8	280.718733
55	66	8	8	170.525274
55	67	8	8	72.937911
55	68	8	8	70.699330
55	69	8	8	78.360262
55	71	8	8	187.206645
55	72	8	8	157.814105
55	73	8	8	319.974870
55	80	8	26	-0.002726
55	81	8	26	0.004337
55	82	8	26	0.016055
55	83	8	26	0.036421
55	84	8	26	0.034059
55	85	8	26	0.317157
55	86	8	26	-0.240099
55	87	8	26	-0.001826
55	88	8	26	15.434130
55	89	8	26	2.295812
55	90	8	26	18.194575
55	91	8	26	0.237351
55	95	8	26	1.673103
55	100	8	26	780.270960
56	56	8	8	48.317975
56	57	8	8	-17.229538
56	58	8	8	2.865552
56	59	8	8	-10.149536
56	60	8	8	-3.541222
56	61	8	8	-17.840450
56	62	8	8	-14.432661
56	63	8	8	-345.839266
56	64	8	8	297.282451
56	65	8	8	-275.731432
56	66	8	8	-174.832068
56	67	8	8	-75.222356
56	68	8	8	-71.792246
56	69	8	8	-78.758736
56	71	8	8	-188.925729
56	72	8	8	-154.892860
56	73	8	8	-319.727163
56	80	8	26	0.002922
56	81	8	26	-0.004638
56	82	8	26	-0.018404
56	83	8	26	-0.038772
56	84	8	26	-0.042702
56	85	8	26	-0.319687
56	86	8	26	0.236229
56	87	8	26	-0.052248
56	88	8	26	-15.004169
56	89	8	26	-2.349172
56	90	8	26	-17.784929
56	91	8	26	-0.319158
56	95	8	26	-1.621951
56	100	8	26	-709.058673
57	57	8	8	14.238174
57	58	8	8	0.420687
57	59	8	8	11.060947
57	60	8	8	6.991185
57	61	8	8	21.735806
57	62	8	8	26.778704
57	63	8	8	438.977353
57	64	8	8	-349.666429
57	65	8	8	358.068341
57	66	8	8	246.936361
57	67	8	8	107.395388
57	68	8	8	99.600970
57	69	8	8	107.133556
57	71	8	8	259.024043
57	72	8	8	200.825667
57	73	8	8	429.947557
57	80	8	26	-0.004458
57	81	8	26	0.007049
57	82	8	26	0.031048
57	83	8	26	0.058484
57	84	8	26	0.080548
57	85	8	26	0.437295
57	86	8	26	-0.307843
57	87	8	26	0.214428
57	88	8	26	19.062106
57	89	8	26	3.305899
57	90	8	26	22.861263
57	91	8	26	0.647768
57	95	8	26	2.048140
57	100	8	26	765.206243
58	58	8	8	21.744173
58	59	8	8	2.797682
58	60	8	8	22.554973
58	61	8	8	18.712442
58	62	8	8	80.010547
58	63	8	8	486.682463
58	64	8	8	-223.232832
58	65	8	8	444.460549
58	66	8	8	421.458746
58	67	8	8	190.403200
58	68	8	8	160.338686
58	69	8	8	161.182500
58	71	8	8	400.905699
58	72	8	8	245.044093
58	73	8	8	618.734949
58	80	8	26	-0.009838
58	81	8	26	0.015404
58	82	8	26	0.085557
58	83	8	26	0.125221
58	84	8	26	0.266165
58	85	8	26	0.675349
58	86	8	26	-0.392256
58	87	8	26	1.127328
58	88	8	26	21.095303
58	89	8	26	5.381335
58	90	8	26	26.750183
58	91	8	26	2.145651
58	95	8	26	2.143605
58	100	8	26	-28.739447
59	59	8	8	24.822936
59	60	8	8	1.857539
59	61	8	8	44.475329
59	62	8	8	9.598509
59	63	8	8	817.782566
59	64	8	8	-789.103442
59	65	8	8	619.963290
59	66	8	8	322.491654
59	67	8	8	149.060903
59	68	8	8	137.448388
59	69	8	8	161.993670
59	71	8	8	381.313565
59	72	8	8	315.028259
59	73	8	8	664.664399
59	80	8	26	-0.011046
59	81	8	26	0.017271
59	82	8	26	0.098819
59	83	8	26	0.139838
59	84	8	26	0.313945
59	85	8	26	0.707010
59	86	8	26	-0.587203
59	87	8	26	-0.179299
59	88	8	26	33.433654
59	89	8	26	1.541204
59	90	8	26	36.897396
59	91	8	26	-0.202354
59	95	8	26	2.949710
59	100	8	26	998.780651
60	60	8	8	50.871843
60	61	8	8	0.625148
60	62	8	8	192.972935
60	63	8	8	337.075378
60	64	8	8	307.228828
60	65	8	8	443.617654
60	66	8	8	712.503251
60	67	8	8	326.043778
60	68	8	8	254.084185
60	69	8	8	231.089545
60	71	8	8	598.491886
60	72	8	8	255.651676
60	73	8	8	834.760568
60	80	8	26	-0.016359
60	81	8	26	0.025533
60	82	8	26	0.151574
60	83	8	26	0.206223
60	84	8	26	0.490365
60	85	8	26	0.967702
60	86	8	26	-0.369607
60	87	8	26	3.122491
60	88	8	26	15.663165
60	89	8	26	10.403652
60	90	8	26	25.029616
60	91	8	26	5.612971
60	95	8	26	1.692147
60	100	8	26	-1795.677209
61	61	8	8	176.566248
61	62	8	8	-172.609763
61	63	8	8	3306.612058
61	64	8	8	-3986.337515
61	65	8	8	2299.417389
61	66	8	8	617.391267
61	67	8	8	269.985274
61	68	8	8	324.560007
61	69	8	8	460.179000
61	71	8	8	1016.884075
61	72	8	8	1173.832668
61	73	8	8	2035.552093
61	80	8	26	-0.023091
61	81	8	26	0.036380
61	82	8	26	0.175661
61	83	8	26	0.298946
61	84	8	26	0.497835
61	85	8	26	1.992877
61	86	8	26	-2.270056
61	87	8	26	-4.323840
61	88	8	26	136.350701
61	89	8	26	-1.875554
61	90	8	26	143.604819
61	91	8	26	-7.624806
61	95	8	26	12.637539
61	100	8	26	8233.872356
62	62	8	8	1849.438390
62	63	8	8	-6881.999989
62	64	8	8	15013.260934
62	65	8	8	-3137.685093
62	66	8	8	4415.065958
62	67	8	8	2085.891798
62	68	8	8	1247.879366
62	69	8	8	627.265955
62	71	8	8	2165.175308
62	72	8	8	-1289.842684
62	73	8	8	1155.385858
62	80	8	26	-0.052813
62	81	8	26	0.081730
62	82	8	26	0.567837
62	83	8	26	0.651302
62	84	8	26	1.972095
62	85	8	26	1.887066
62	86	8	26	5.300707
62	87	8	26	31.307697
62	88	8	26	-285.079801
62	89	8	26	96.096243
62	90	8	26	-226.203787
62	91	8	26	73.533557
62	95	8	26	-25.109077
62	100	8	26	-41879.410754
63	63	8	8	175943.517036
63	64	8	8	-258601.394201
63	65	8	8	119752.739879
63	66	8	8	5410.184701
63	67	8	8	-938.479355
63	68	8	8	8635.972700
63	69	8	8	17498.712281
63	71	8	8	34638.560686
63	72	8	8	61297.737579
63	73	8	8	85481.427796
63	80	8	26	-0.723318
63	81	8	26	1.160411
63	82	8	26	3.166814
63	83	8	26	9.866506
63	84	8	26	3.612354
63	85	8	26	101.461275
63	86	8	26	-158.405174
63	87	8	26	-85.948545
63	88	8	26	8008.284796
63	89	8	26	-127.133222
63	90	8	26	8393.925660
63	91	8	26	-702.467300
63	95	8	26	854.549097
63	100	8	26	735786.044657
64	64	8	8	16656774.609640
64	65	8	8	1548174.658471
64	66	8	8	10735935.159322
64	67	8	8	5408537.716041
64	68	8	8	3478759.361618
64	69	8	8	2740896.237633
64	71	8	8	7641743.994424
64	72	8	8	1933860.316695
64	73	8	8	9393768.486571
64	80	8	26	6.493767
64	81	8	26	-10.972945
64	82	8	26	33.729303
64	83	8	26	-99.328598
64	84	8	26	271.546232
64	85	8	26	-1877.395686
64	86	8	26	8983.519203
64	87	8	26	-43252.765064
64	88	8	26	-198328.436903
64	89	8	26	94321.497290
64	90	8	26	-135086.109621
64	91	8	26	112420.415568
64	95	8	26	-37727.475298
64	100	8	26	-73330994.559531
65	65	8	8	6374846.625053
65	66	8	8	3339469.400711
65	67	8	8	5531076.374955
65	68	8	8	1107822.268258
65	69	8	8	2619382.215397
65	71	8	8	4487423.241806
65	72	8	8	1376194.774527
65	73	8	8	3264307.222341
65	80	8	26	-0.343428
65	81	8	26	0.578009
65	82	8	26	-1.409824
65	83	8	26	3.286173
65	84	8	26	-1.656826
65	85	8	26	17.477115
65	86	8	26	-512.068051
65	87	8	26	10702.034211
65	88	8	26	-74901.642298
65	89	8	26	-114041.461721
65	90	8	26	-61538.152680
65	91	8	26	-21979.006749
65	95	8	26	-30393.881981
65	100	8	26	-22443494.685826
66	66	8	8	17555482.905395
66	67	8	8	2266296.018308
66	68	8	8	6229000.196375
66	69	8	8	1297600.410549
66	71	8	8	7776854.894823
66	72	8	8	1281757.000180
66	73	8	8	7926590.767156
66	80	8	26	6.360400
66	81	8	26	-10.772257
66	82	8	26	35.837599
66	83	8	26	-98.333624
66	84	8	26	282.869868
66	85	8	26	-1901.482276
66	86	8	26	8586.119167
66	87	8	26	-30130.283406
66	88	8	26	31176.785290
66	89	8	26	-145335.880582
66	90	8	26	-40964.026461
66	91	8	26	89713.036382
66	95	8	26	-29658.912859
66	100	8	26	-57868289.995907
67	67	8	8	23887300.639917
67	68	8	8	-7810952.005016
67	69	8	8	10494288.288511
67	71	8	8	8136156.363025
67	72	8	8	3675780.747692
67	73	8	8	6687523.615703
67	80	8	26	-1.263581
67	81	8	26	2.121245
67	82	8	26	-4.787954
67	83	8	26	15.428886
67	84	8	26	-23.619360
67	85	8	26	192.470565
67	86	8	26	-1406.743861
67	87	8	26	6846.306847
67	88	8	26	-268651.598932
67	89	8	26	29539.478048
67	90	8	26	-631478.090773
67	91	8	26	-34428.700779
67	95	8	26	-85609.739587
67	100	8	26	-44934996.688379
68	68	8	8	16039125.293548
68	69	8	8	-7359209.131011
68	71	8	8	5040643.857372
68	72	8	8	1171138.855041
68	73	8	8	3201478.277557
68	80	8	26	2.992615
68	81	8	26	-5.071077
68	82	8	26	17.132754
68	83	8	26	-45.877417
68	84	8	26	131.923505
68	85	8	26	-880.953518
68	86	8	26	4012.433633
68	87	8	26	-15466.742911
68	88	8	26	77811.426168
68	89	8	26	-56355.765519
68	90	8	26	210410.695733
68	91	8	26	-119272.517825
68	95	8	26	-34338.795302
68	100	8	26	-17310487.218787
69	69	8	8	27109128.426469
69	71	8	8	14995684.583072
69	72	8	8	8767126.135007
69	73	8	8	8716750.853135
69	80	8	26	1.133113
69	81	8	26	-1.925932
69	82	8	26	7.182359
69	83	8	26	-18.169282
69	84	8	26	57.228861
69	85	8	26	-371.580397
69	86	8	26	1592.861226
69	87	8	26	-6946.428325
69	88	8	26	-11393.524821
69	89	8	26	37104.242627
69	90	8	26	-95623.632928
69	91	8	26	5607.499979
69	95	8	26	-27015.070999
69	100	8	26	3749011.099634
71	71	8	8	64563415.166136
71	72	8	8	11200806.278623
71	73	8	8	15035191.526880
71	80	8	26	4.269610
71	81	8	26	-7.250510
71	82	8	26	26.297833
71	83	8	26	-67.664972
71	84	8	26	208.092750
71	85	8	26	-1361.073653
71	86	8	26	5845.796131
71	87	8	26	-17130.865628
71	88	8	26	24667.251173
71	89	8	26	41008.807401
71	90	8	26	-3802.824421
71	91	8	26	38975.660892
71	95	8	26	-33961.403713
71	100	8	26	-40768555.453627
72	72	8	8	35295722.128365
72	73	8	8	20099189.135419
72	80	8	26	0.188149
72	81	8	26	-0.181523
72	82	8	26	-14.422536
72	83	8	26	1.718483
72	84	8	26	-78.490768
72	85	8	26	257.469166
72	86	8	26	-757.650711
72	87	8	26	-24311.948347
72	88	8	26	-104133.586313
72	89	8	26	-71748.135180
72	90	8	26	-205883.399059
72	91	8	26	-139506.516703
72	95	8	26	-79980.719765
72	100	8	26	130656753.128472
73	73	8	8	26086308.729449
73	80	8	26	3.624141
73	81	8	26	-6.127468
73	82	8	26	19.317303
73	83	8	26	-57.117744
73	84	8	26	163.094821
73	85	8	26	-1118.092297
73	86	8	26	4819.547236
73	87	8	26	-33988.487307
73	88	8	26	-85417.946621
73	89	8	26	529.305902
73	90	8	26	-100168.328025
73	91	8	26	12854.971106
73	95	8	26	-101837.186375
73	100	8	26	13914506.282916
80	80	26	26	0.369941
80	81	26	26	-0.492961
80	82	26	26	0.346294
80	83	26	26	-0.156810
80	84	26	26	0.221385
80	85	26	26	-0.289854
80	86	26	26	0.383826
80	87	26	26	-0.296934
80	88	26	26	0.480218
80	89	26	26	0.054913
80	90	26	26	0.406044
80	91	26	26	0.040410
80	95	26	26	0.057134
80	100	26	26	21.767604
81	81	26	26	0.812294
81	82	26	26	-0.600317
81	83	26	26	0.265376
81	84	26	26	-0.390447
81	85	26	26	0.494135
81	86	26	26	-0.654284
81	87	26	26	0.502077
81	88	26	26	-0.817467
81	89	26	26	-0.091647
81	90	26	26	-0.692094
81	91	26	26	-0.071458
81	95	26	26	-0.095574
81	100	26	26	-33.809561
82	82	26	26	3.407539
82	83	26	26	-0.868980
82	84	26	26	2.872640
82	85	26	26	-1.977497
82	86	26	26	2.613931
82	87	26	26	-1.595245
82	88	26	26	3.099923
82	89	26	26	0.051796
82	90	26	26	2.615918
82	91	26	26	0.533534
82	95	26	26	0.166477
82	100	26	26	-236.075842
83	83	26	26	1.477009
83	84	26	26	-1.820825
83	85	26	26	4.213266
83	86	26	26	-5.643687
83	87	26	26	4.800428
83	88	26	26	-6.343007
83	89	26	26	0.899640
83	90	26	26	-3.662838
83	91	26	26	-0.156933
83	95	26	26	-0.498533
83	100	26	26	-10.093623
84	84	26	26	7.028541
84	85	26	26	-12.703634
84	86	26	26	17.170603
84	87	26	26	-14.102706
84	88	26	26	16.710886
84	89	26	26	-8.563638
84	90	26	26	4.384222
84	91	26	26	0.314814
84	95	26	26	-0.266064
84	100	26	26	-2298.327014
85	85	26	26	76.764164
85	86	26	26	-106.092385
85	87	26	26	96.044474
85	88	26	26	-103.597070
85	89	26	26	55.063356
85	90	26	26	-20.190662
85	91	26	26	3.868184
85	95	26	26	-0.465504
85	100	26	26	9537.255552
86	86	26	26	437.339122
86	87	26	26	-315.176878
86	88	26	26	715.682854
86	89	26	26	207.534517
86	90	26	26	764.076423
86	91	26	26	128.421252
86	95	26	26	88.605191
86	100	26	26	11720.570491
87	87	26	26	6299.355116
87	88	26	26	-309.049664
87	89	26	26	7280.379711
87	90	26	26	6489.803249
87	91	26	26	329.204572
87	95	26	26	1641.438381
87	100	26	26	1701624.662841
88	88	26	26	42752.580475
88	89	26	26	6269.792663
88	90	26	26	44206.394057
88	91	26	26	3901.686169
88	95	26	26	5233.684974
88	100	26	26	2413449.681727
89	89	26	26	41395.889088
89	90	26	26	24997.041462
89	91	26	26	8800.439917
89	95	26	26	6302.122450
89	100	26	26	3514314.738897
90	90	26	26	100221.889511
90	91	26	26	322.104297
90	95	26	26	9364.342372
90	100	26	26	4647843.919177
91	91	26	26	28427.606554
91	95	26	26	6375.261565
91	100	26	26	-1070458.431473
95	95	26	26	10979.284322
95	100	26	26	1889654.782136
100	100	26	26	14434993151.831106
