#i	Z	value [1/(GV.m2.sr.s)]
0	1	0.000000
1	1	14443.856556
2	1	17157.165830
3	1	21956.127709
4	1	29837.101634
5	1	36359.066397
6	1	40718.081867
7	1	49834.292607
8	1	64697.248853
9	1	113248.283402
10	1	217052.365507
11	1	339434.757798
12	1	640422.202570
13	1	1283426.310010
14	1	871539.820130
15	1	625500.359190
16	1	720370.434136
17	1	836604.614370
18	1	1146176.919709
19	1	1307329.401791
20	1	1009846.658126
21	1	487743.672453
22	1	324685.330037
23	1	0.000000
24	1	0.000000
25	1	0.000000
26	2	0.000000
27	2	0.000000
28	2	0.000000
29	2	0.000000
30	2	1905.962332
31	2	2755.935631
32	2	3441.952096
33	2	5940.348352
34	2	7760.832907
35	2	11041.168523
36	2	15636.908368
37	2	33133.774207
38	2	64931.996797
39	2	115911.445841
40	2	245185.200225
41	2	259155.285051
42	2	178414.899749
43	2	69507.918778
44	2	128943.795039
45	2	159282.755424
46	2	26319.721459
47	2	110068.098669
48	2	186174.023421
49	2	247981.314641
50	2	324521.241989
51	2	0.000000
52	2	0.000000
53	2	0.000000
54	8	0.000000
55	8	0.351023
56	8	74.181891
57	8	69.663963
58	8	120.578317
59	8	171.541401
60	8	263.943224
61	8	388.644603
62	8	624.151580
63	8	1705.443635
64	8	8584.728965
65	8	7557.650741
66	8	13525.298641
67	8	6930.986129
68	8	4086.284728
69	8	3662.865745
70	8	0.000000
71	8	7625.709560
72	8	5491.690681
73	8	16386.854216
74	8	0.000000
75	8	0.000000
76	8	0.000000
77	8	0.000000
78	26	0.000000
79	26	0.000000
80	26	4.899534
81	26	10.734048
82	26	10.347844
83	26	21.580420
84	26	33.956978
85	26	44.306548
86	26	77.015424
87	26	214.437166
88	26	305.844837
89	26	616.615168
90	26	871.625790
91	26	218.012729
92	26	0.000000
93	26	0.000000
94	26	0.000000
95	26	97.247376
96	26	0.000000
97	26	0.000000
98	26	0.000000
99	26	0.000000
100	26	93901.737999
101	26	0.000000
102	3	0.000000
103	3	0.000000
104	3	8.855682
105	3	29.385425
106	3	43.566600
107	3	24.330517
108	3	25.646483
109	3	48.678936
110	4	0.000000
111	4	7.649386
112	4	4.670300
113	4	14.533408
114	4	21.542446
115	4	18.411917
116	4	12.292931
117	4	25.419038
118	4	7.298032
119	5	0.000000
120	5	1.476380
121	5	22.527136
122	5	44.696710
123	5	61.742221
124	5	40.352553
125	5	38.943435
126	5	96.230212
127	6	0.000000
128	6	13.682295
129	6	61.992365
130	6	80.718535
131	6	196.475071
132	6	352.498691
133	6	775.921830
134	6	2774.925711
135	7	0.000000
136	7	1.312917
137	7	12.942897
138	7	29.263448
139	7	36.334338
140	7	57.253127
141	7	44.055439
142	7	0.000091
143	7	149.338257
144	9	0.000000
145	9	0.389308
146	9	0.292312
147	9	2.369538
148	9	3.313071
149	9	5.593127
150	9	1.850610
151	10	0.000000
152	10	0.000000
153	10	8.770527
154	10	14.262746
155	10	27.108572
156	10	66.804105
157	10	33.120562
158	10	284.760149
159	11	0.000000
160	11	0.000000
161	11	1.264387
162	11	3.425158
163	11	5.395475
164	11	9.157088
165	11	3.652334
166	12	0.000000
167	12	0.000000
168	12	12.453070
169	12	18.424722
170	12	34.343576
171	12	88.282926
172	12	34.479836
173	12	533.951725
174	13	0.000000
175	13	0.000000
176	13	1.554004
177	13	3.314696
178	13	5.973015
179	13	10.552969
180	13	7.165147
181	14	0.000000
182	14	0.000000
183	14	9.055045
184	14	13.815642
185	14	25.768968
186	14	81.162102
187	14	28.963571
188	14	311.709762
189	15	0.000000
190	15	0.020541
191	15	0.107731
192	15	0.688587
193	15	1.173037
194	15	1.753953
195	15	1.144124
196	16	0.000000
197	16	0.000000
198	16	1.136505
199	16	3.026895
200	16	4.806680
201	16	10.018759
202	16	7.278772
203	17	0.000000
204	17	0.000000
205	17	0.085612
206	17	0.672033
207	17	1.226892
208	17	1.663076
209	17	0.971308
210	18	0.000000
211	18	0.000000
212	18	0.125150
213	18	1.431074
214	18	2.441353
215	18	3.128330
216	18	2.887045
217	19	0.000000
218	19	0.000000
219	19	0.164003
220	19	1.086819
221	19	1.364271
222	19	2.247471
223	19	1.143523
224	20	0.000000
225	20	0.000000
226	20	0.831214
227	20	2.552961
228	20	2.860814
229	20	6.121452
230	20	3.993711
231	21	0.000000
232	21	0.000000
233	21	0.119242
234	21	0.577574
235	21	0.684765
236	21	0.991832
237	21	0.783708
238	22	0.000000
239	22	0.000000
240	22	0.634700
241	22	1.812156
242	22	2.184869
243	22	3.862562
244	22	2.139365
245	23	0.000000
246	23	0.000000
247	23	0.291015
248	23	0.869699
249	23	1.037223
250	23	2.181044
251	23	1.123487
252	24	0.000000
253	24	0.000000
254	24	0.721719
255	24	1.573208
256	24	2.417439
257	24	4.100883
258	24	2.875847
259	25	0.000000
260	25	0.000000
261	25	0.459144
262	25	0.942901
263	25	1.448370
264	25	3.736700
265	25	2.240917
266	27	0.000000
267	27	0.000000
268	27	0.028568
269	27	0.060433
270	27	0.070160
271	27	0.205206
272	27	0.136319
273	28	0.000000
274	28	0.000000
275	28	0.246336
276	28	0.509036
277	28	0.576543
278	28	2.822198
279	28	1.498815
