#Z	A:	log10(R/GV)
1	1.008:	0.00 0.30 0.50 0.70 1.00 1.50 2.00 3.00 3.50 4.00 4.50 5.00 5.50 6.00 6.50 7.00 7.50 8.00 8.50 9.00 9.25 9.50 9.75 10.00 10.50 11.50
1	2.014:	0.26 0.48 0.70 0.95 1.15 1.34
2	4.003:	0.00 0.30 0.50 0.70 1.00 1.50 2.00 3.00 3.50 4.00 5.00 5.50 6.00 6.50 7.00 7.50 8.00 8.50 9.00 9.25 9.50 9.75 10.00 10.50 11.50
3	6.941:	0.00 0.50 0.70 1.00 2.00 3.50
4	9.012:	0.00 0.50 0.70 1.00 2.00 2.50 3.50
5	10.811:	0.00 0.18 0.50 0.70 1.00 2.00 4.10
6	12.011:	0.00 0.18 0.30 0.50 0.70 2.00 5.00
7	14.007:	0.00 0.18 0.30 0.50 0.70 1.00 2.00 3.40
8	15.999:	0.00 0.18 0.30 0.50 0.70 1.00 1.50 2.00 3.00 4.00 4.50 5.00 5.50 6.00 6.50 7.00 7.50 8.00 8.50 9.00 9.25 9.50 9.75 10.00 10.50 11.50
9	18.998:	0.00 0.18 0.30 0.50 0.70 2.00 3.30
10	20.180:	0.00 0.18 0.30 0.50 0.70 2.00 3.30
11	22.990:	0.00 0.18 0.30 0.50 0.70 2.00 3.30
12	24.305:	0.00 0.18 0.30 0.50 0.70 2.00 3.30
13	26.982:	0.00 0.18 0.30 0.50 0.70 2.00 3.30
14	28.085:	0.00 0.18 0.30 0.50 0.70 2.00 3.30
15	30.974:	0.00 0.18 0.30 0.50 0.70 2.00
16	32.065:	0.00 0.18 0.30 0.50 0.70 2.00 3.30
17	35.453:	0.00 0.18 0.30 0.50 0.70 2.00
18	39.948:	0.00 0.18 0.30 0.50 0.70 2.00
19	39.098:	0.00 0.18 0.30 0.50 0.70 2.00
20	40.078:	0.00 0.18 0.30 0.50 0.70 2.00
21	44.956:	0.00 0.18 0.30 0.50 0.70 2.00
22	47.867:	0.00 0.18 0.30 0.50 0.70 2.00 2.70
23	50.941:	0.00 0.18 0.30 0.50 0.70 2.00
24	51.996:	0.00 0.18 0.30 0.50 0.70 2.00 2.70
25	54.938:	0.00 0.18 0.30 0.50 0.70 2.00
26	55.845:	0.00 1.00 1.50 2.00 3.00 4.00 4.50 5.00 5.50 6.00 6.50 7.00 7.50 8.00 8.50 9.00 9.25 9.50 9.75 10.00 10.50 11.50
27	58.933:	0.00 0.18 0.30 0.50 0.70 2.00
28	58.693:	0.00 0.18 0.30 0.50 0.70 2.80
