#i	Z	A	value [1/(GV.m2.sr.s)]
0	1	1.008	0.000000
1	1	1.008	11001.292888
2	1	1.008	14804.773333
3	1	1.008	20886.236673
4	1	1.008	27635.324919
5	1	1.008	34071.947079
6	1	1.008	39149.616783
7	1	1.008	47418.524131
8	1	1.008	63791.703028
9	1	1.008	123871.673636
10	1	1.008	209937.365842
11	1	1.008	270626.711959
12	1	1.008	386948.311842
13	1	1.008	391317.328120
14	1	1.008	755155.137636
15	1	1.008	1539679.255207
16	1	1.008	864746.462293
17	1	1.008	408157.034457
18	1	1.008	537591.839823
19	1	1.008	500342.861770
20	1	1.008	1038650.258187
21	1	1.008	736564.683882
22	1	1.008	663424.072881
23	1	1.008	68544.508580
24	1	1.008	0.000000
25	1	1.008	160069.373862
26	1	1.008	0.000000
27	1	1.008	0.000000
28	2	4.003	0.000000
29	2	4.003	0.000000
30	2	4.003	1961.877185
31	2	4.003	3375.839717
32	2	4.003	4437.401397
33	2	4.003	6125.778314
34	2	4.003	7814.964470
35	2	4.003	11114.109301
36	2	4.003	15864.742665
37	2	4.003	33381.857127
38	2	4.003	86855.690882
39	2	4.003	162040.391213
40	2	4.003	186812.369128
41	2	4.003	205665.267326
42	2	4.003	364114.964032
43	2	4.003	163889.196349
44	2	4.003	36315.101426
45	2	4.003	0.000000
46	2	4.003	195078.972324
47	2	4.003	211744.577114
48	2	4.003	212573.147464
49	2	4.003	315559.357174
50	2	4.003	349044.897181
51	2	4.003	162430.903913
52	2	4.003	0.000000
53	2	4.003	0.000000
54	2	4.003	0.000000
55	8	15.999	0.000000
56	8	15.999	0.000000
57	8	15.999	22.816418
58	8	15.999	50.274643
59	8	15.999	81.648050
60	8	15.999	122.612850
61	8	15.999	180.871280
62	8	15.999	261.852449
63	8	15.999	403.340068
64	8	15.999	603.053937
65	8	15.999	1818.878949
66	8	15.999	4519.579105
67	8	15.999	4098.052436
68	8	15.999	10313.342184
69	8	15.999	7178.584411
70	8	15.999	9671.740707
71	8	15.999	16522.480954
72	8	15.999	9553.437446
73	8	15.999	7291.750255
74	8	15.999	3425.875475
75	8	15.999	176.957133
76	8	15.999	7773.456617
77	8	15.999	14878.060922
78	8	15.999	18442.014207
79	8	15.999	1312.340331
80	8	15.999	0.000000
81	8	15.999	0.000000
82	8	15.999	0.000000
83	26	55.845	0.000000
84	26	55.845	2.569138
85	26	55.845	9.308237
86	26	55.845	34.175991
87	26	55.845	65.405228
88	26	55.845	103.000489
89	26	55.845	326.304777
90	26	55.845	699.703814
91	26	55.845	455.741466
92	26	55.845	528.241109
93	26	55.845	1159.535259
94	26	55.845	1453.521215
95	26	55.845	2275.197661
96	26	55.845	0.000000
97	26	55.845	15.474095
98	26	55.845	0.000000
99	26	55.845	0.000000
100	26	55.845	0.000000
101	26	55.845	495.018853
102	26	55.845	0.000000
103	26	55.845	0.000000
104	26	55.845	0.000000
105	26	55.845	0.000000
106	26	55.845	0.000000
107	3	6.941	0.000000
108	3	6.941	0.000000
109	3	6.941	10.629505
110	3	6.941	30.851149
111	3	6.941	44.617840
112	3	6.941	25.293681
113	3	6.941	25.221630
114	3	6.941	59.572246
115	4	9.012	0.000000
116	4	9.012	2.766391
117	4	9.012	5.837290
118	4	9.012	14.521978
119	4	9.012	20.305450
120	4	9.012	17.712078
121	4	9.012	11.810635
122	4	9.012	23.723180
123	4	9.012	3.322072
124	5	10.811	0.000000
125	5	10.811	2.892667
126	5	10.811	2.205220
127	5	10.811	26.892236
128	5	10.811	42.676350
129	5	10.811	59.545443
130	5	10.811	33.460692
131	5	10.811	44.063675
132	5	10.811	147.023912
133	6	12.011	0.000000
134	6	12.011	0.000000
135	6	12.011	22.738863
136	6	12.011	51.950783
137	6	12.011	89.391201
138	6	12.011	185.569282
139	6	12.011	407.362428
140	6	12.011	723.523629
141	6	12.011	6592.406318
142	7	14.007	0.000000
143	7	14.007	1.656111
144	7	14.007	4.075302
145	7	14.007	13.232843
146	7	14.007	24.250247
147	7	14.007	36.931104
148	7	14.007	56.756754
149	7	14.007	60.338396
150	7	14.007	69.670141
151	7	14.007	159.913600
152	9	18.998	0.000000
153	9	18.998	0.187081
154	9	18.998	0.187563
155	9	18.998	0.728791
156	9	18.998	1.603094
157	9	18.998	3.839735
158	9	18.998	3.421560
159	9	18.998	3.060625
160	9	18.998	5.182011
161	10	20.180	0.000000
162	10	20.180	1.368689
163	10	20.180	2.083797
164	10	20.180	8.114458
165	10	20.180	11.995766
166	10	20.180	32.216538
167	10	20.180	57.151452
168	10	20.180	87.459720
169	10	20.180	168.134039
170	11	22.990	0.000000
171	11	22.990	0.400280
172	11	22.990	0.301981
173	11	22.990	1.458820
174	11	22.990	2.973195
175	11	22.990	5.948556
176	11	22.990	7.345155
177	11	22.990	7.602292
178	11	22.990	9.028319
179	12	24.305	0.000000
180	12	24.305	2.263112
181	12	24.305	2.923094
182	12	24.305	11.008996
183	12	24.305	14.892983
184	12	24.305	38.028648
185	12	24.305	70.136688
186	12	24.305	105.019080
187	12	24.305	188.263136
188	13	26.982	0.000000
189	13	26.982	0.000000
190	13	26.982	0.487651
191	13	26.982	1.467205
192	13	26.982	3.257362
193	13	26.982	7.065151
194	13	26.982	10.522144
195	13	26.982	13.699201
196	13	26.982	23.838381
197	14	28.085	0.000000
198	14	28.085	0.794130
199	14	28.085	2.238245
200	14	28.085	8.060515
201	14	28.085	11.001644
202	14	28.085	28.768032
203	14	28.085	61.949532
204	14	28.085	99.652297
205	14	28.085	167.597933
206	15	30.974	0.000000
207	15	30.974	0.000000
208	15	30.974	0.053158
209	15	30.974	0.199042
210	15	30.974	0.650451
211	15	30.974	1.060475
212	15	30.974	1.560827
213	15	30.974	0.975746
214	16	32.065	0.000000
215	16	32.065	0.423211
216	16	32.065	0.247788
217	16	32.065	1.347197
218	16	32.065	2.287861
219	16	32.065	6.083790
220	16	32.065	11.235011
221	16	32.065	18.312513
222	16	32.065	28.075043
223	17	35.453	0.000000
224	17	35.453	0.212504
225	17	35.453	0.000000
226	17	35.453	0.217357
227	17	35.453	0.559084
228	17	35.453	1.233413
229	17	35.453	1.301963
230	17	35.453	0.922775
231	18	39.948	0.000000
232	18	39.948	0.000000
233	18	39.948	0.000000
234	18	39.948	0.431593
235	18	39.948	1.139858
236	18	39.948	2.522698
237	18	39.948	2.319242
238	18	39.948	2.895838
239	19	39.098	0.000000
240	19	39.098	0.671191
241	19	39.098	0.000000
242	19	39.098	0.355094
243	19	39.098	0.949556
244	19	39.098	1.312984
245	19	39.098	1.892730
246	19	39.098	1.021413
247	20	40.078	0.000000
248	20	40.078	1.458518
249	20	40.078	0.000000
250	20	40.078	1.169435
251	20	40.078	2.087655
252	20	40.078	3.025559
253	20	40.078	4.767870
254	20	40.078	4.098125
255	21	44.956	0.000000
256	21	44.956	0.000000
257	21	44.956	0.000000
258	21	44.956	0.219061
259	21	44.956	0.452624
260	21	44.956	0.735831
261	21	44.956	0.736183
262	21	44.956	0.772630
263	22	47.867	0.000000
264	22	47.867	0.000000
265	22	47.867	0.000000
266	22	47.867	0.854656
267	22	47.867	1.363485
268	22	47.867	2.508749
269	22	47.867	2.553742
270	22	47.867	2.827474
271	22	47.867	3.056832
272	23	50.941	0.000000
273	23	50.941	0.000000
274	23	50.941	0.000000
275	23	50.941	0.395926
276	23	50.941	0.659154
277	23	50.941	1.187458
278	23	50.941	1.640627
279	23	50.941	1.135407
280	24	51.996	0.000000
281	24	51.996	0.000000
282	24	51.996	0.000000
283	24	51.996	0.858715
284	24	51.996	1.126691
285	24	51.996	2.783436
286	24	51.996	2.353662
287	24	51.996	4.520004
288	24	51.996	4.455395
289	25	54.938	0.000000
290	25	54.938	0.000000
291	25	54.938	0.000000
292	25	54.938	0.525147
293	25	54.938	0.678808
294	25	54.938	1.739245
295	25	54.938	2.779108
296	25	54.938	2.429659
297	27	58.933	0.000000
298	27	58.933	0.000000
299	27	58.933	0.000000
300	27	58.933	0.031645
301	27	58.933	0.048231
302	27	58.933	0.079558
303	27	58.933	0.167904
304	27	58.933	0.126690
305	28	58.693	0.000000
306	28	58.693	0.000000
307	28	58.693	0.000000
308	28	58.693	0.288724
309	28	58.693	0.328902
310	28	58.693	1.241132
311	28	58.693	2.268356
312	28	58.693	6.064595
313	1	2.014	0.000000
314	1	2.014	460.896185
315	1	2.014	488.506772
316	1	2.014	668.997555
317	1	2.014	801.703272
318	1	2.014	894.249365
319	1	2.014	962.294004
320	1	2.014	984.324181
