#Z	A	norm	slope
#sub-leading extrapolation: ratio(R>Rmax) = norm * (min(R, 5e6 GV)/Rmax)**slope, Rmax = species' top knot (ratio saturates at R_sat = 5 PV)
#(best-fit point estimates; uncertainty not propagated — covariance.dat stores leaders only)
1	2.014	2.68802573e-02	0.083371
3	6.941	3.82213630e-02	-0.232770
4	9.012	1.56966032e-02	-0.299589
5	10.811	4.82141691e-02	-0.109135
6	12.011	1.15043260e+00	-0.038649
7	14.007	1.17772910e-01	-0.108899
9	18.998	4.45100166e-03	-0.240295
10	20.180	8.53271785e-01	-0.056059
11	22.990	4.94213301e-02	-0.305253
12	24.305	9.61472249e-01	-0.084030
13	26.982	1.15169578e-01	-0.139930
14	28.085	8.62158403e-01	-0.086432
15	30.974	2.42808503e-02	-0.447841
16	32.065	1.43504709e-01	-0.132501
17	35.453	2.17488473e-02	-0.500257
18	39.948	5.09229897e-02	-0.410730
19	39.098	2.75979015e-02	-0.509035
20	40.078	8.68370291e-02	-0.369799
21	44.956	1.40747711e-02	-0.503036
22	47.867	2.93117293e-02	-0.323671
23	50.941	2.60841266e-02	-0.427680
24	51.996	4.43919958e-02	-0.175452
25	54.938	5.04791069e-02	-0.306924
27	58.933	2.81673973e-03	-0.336529
28	58.693	5.53659920e-02	0.093785
