#i	Z	A	value [1/(GV.m2.sr.s)]
0	1	1.008	0.000000
1	1	1.008	13598.454906
2	1	1.008	17049.135147
3	1	1.008	22531.832465
4	1	1.008	28891.618954
5	1	1.008	34732.792406
6	1	1.008	39380.824364
7	1	1.008	47422.737753
8	1	1.008	63701.160922
9	1	1.008	123596.089765
10	1	1.008	210129.972554
11	1	1.008	270783.084377
12	1	1.008	387490.829781
13	1	1.008	392073.721675
14	1	1.008	750096.810235
15	1	1.008	1522480.582279
16	1	1.008	855927.495172
17	1	1.008	432136.573886
18	1	1.008	550178.922482
19	1	1.008	485515.248730
20	1	1.008	1102876.610902
21	1	1.008	743329.179888
22	1	1.008	656527.625790
23	1	1.008	51760.409412
24	1	1.008	22747.887357
25	1	1.008	116519.012845
26	1	1.008	0.000000
27	1	1.008	0.000000
28	2	4.003	0.000000
29	2	4.003	0.000000
30	2	4.003	2290.611645
31	2	4.003	3689.980449
32	2	4.003	4638.454952
33	2	4.003	6250.837283
34	2	4.003	7861.989645
35	2	4.003	11119.535036
36	2	4.003	15854.354233
37	2	4.003	33325.609260
38	2	4.003	86737.455584
39	2	4.003	162254.371947
40	2	4.003	185453.402996
41	2	4.003	203909.314392
42	2	4.003	371134.223468
43	2	4.003	160928.334488
44	2	4.003	37576.357935
45	2	4.003	0.000000
46	2	4.003	152016.745202
47	2	4.003	202334.881106
48	2	4.003	223096.401643
49	2	4.003	318368.569857
50	2	4.003	338521.238816
51	2	4.003	163409.131272
52	2	4.003	0.000000
53	2	4.003	0.000000
54	2	4.003	0.000000
55	8	15.999	0.000000
56	8	15.999	0.000000
57	8	15.999	24.636883
58	8	15.999	57.318987
59	8	15.999	89.048240
60	8	15.999	128.525825
61	8	15.999	184.986954
62	8	15.999	264.319229
63	8	15.999	404.938884
64	8	15.999	604.557644
65	8	15.999	1838.459143
66	8	15.999	4575.480382
67	8	15.999	4741.036262
68	8	15.999	11227.620975
69	8	15.999	7386.494085
70	8	15.999	10161.763438
71	8	15.999	16946.876131
72	8	15.999	10035.648213
73	8	15.999	8715.044951
74	8	15.999	3148.338453
75	8	15.999	87.616435
76	8	15.999	8517.733353
77	8	15.999	15502.607644
78	8	15.999	19403.328414
79	8	15.999	1431.701307
80	8	15.999	0.000000
81	8	15.999	0.000000
82	8	15.999	0.000000
83	26	55.845	0.000000
84	26	55.845	3.091441
85	26	55.845	9.622742
86	26	55.845	34.135644
87	26	55.845	64.665543
88	26	55.845	102.254847
89	26	55.845	323.352645
90	26	55.845	679.958433
91	26	55.845	457.766886
92	26	55.845	531.180256
93	26	55.845	1127.432055
94	26	55.845	1435.016998
95	26	55.845	2242.122644
96	26	55.845	0.000000
97	26	55.845	17.297343
98	26	55.845	0.000000
99	26	55.845	0.000000
100	26	55.845	0.000000
101	26	55.845	477.129498
102	26	55.845	0.000000
103	26	55.845	0.000000
104	26	55.845	0.000000
105	26	55.845	0.000000
106	26	55.845	0.000000
107	3	6.941	0.000000
108	3	6.941	0.000000
109	3	6.941	12.040726
110	3	6.941	32.119219
111	3	6.941	44.838626
112	3	6.941	26.009390
113	3	6.941	25.766556
114	3	6.941	44.306271
115	4	9.012	0.000000
116	4	9.012	3.739896
117	4	9.012	6.671098
118	4	9.012	15.346925
119	4	9.012	20.688753
120	4	9.012	17.848328
121	4	9.012	12.535633
122	4	9.012	20.599749
123	4	9.012	18.216453
124	5	10.811	0.000000
125	5	10.811	4.194776
126	5	10.811	1.801064
127	5	10.811	29.645920
128	5	10.811	44.490642
129	5	10.811	60.078374
130	5	10.811	33.143967
131	5	10.811	43.499575
132	5	10.811	132.620617
133	6	12.011	0.000000
134	6	12.011	0.000000
135	6	12.011	23.930903
136	6	12.011	59.702539
137	6	12.011	96.975714
138	6	12.011	188.642474
139	6	12.011	400.200697
140	6	12.011	714.591081
141	6	12.011	6101.728676
142	7	14.007	0.000000
143	7	14.007	1.923744
144	7	14.007	4.461041
145	7	14.007	14.636292
146	7	14.007	26.221270
147	7	14.007	38.332575
148	7	14.007	57.070334
149	7	14.007	59.171260
150	7	14.007	69.424640
151	7	14.007	136.529609
152	9	18.998	0.000000
153	9	18.998	0.272835
154	9	18.998	0.213392
155	9	18.998	0.790046
156	9	18.998	1.748523
157	9	18.998	3.904886
158	9	18.998	3.382170
159	9	18.998	3.114445
160	9	18.998	4.921916
161	10	20.180	0.000000
162	10	20.180	2.058124
163	10	20.180	2.160045
164	10	20.180	9.034610
165	10	20.180	13.066730
166	10	20.180	32.843600
167	10	20.180	56.780873
168	10	20.180	87.066258
169	10	20.180	163.746705
170	11	22.990	0.000000
171	11	22.990	0.628457
172	11	22.990	0.324587
173	11	22.990	1.585606
174	11	22.990	3.251228
175	11	22.990	6.029845
176	11	22.990	7.368190
177	11	22.990	7.543301
178	11	22.990	9.488829
179	12	24.305	0.000000
180	12	24.305	3.645984
181	12	24.305	3.028986
182	12	24.305	12.314453
183	12	24.305	16.253719
184	12	24.305	38.728681
185	12	24.305	69.848615
186	12	24.305	104.423490
187	12	24.305	184.534414
188	13	26.982	0.000000
189	13	26.982	0.000000
190	13	26.982	0.536406
191	13	26.982	1.611751
192	13	26.982	3.525410
193	13	26.982	7.170376
194	13	26.982	10.392090
195	13	26.982	13.736493
196	13	26.982	22.111779
197	14	28.085	0.000000
198	14	28.085	1.266671
199	14	28.085	2.298208
200	14	28.085	9.028835
201	14	28.085	12.000043
202	14	28.085	29.335625
203	14	28.085	61.785153
204	14	28.085	98.920508
205	14	28.085	165.483249
206	15	30.974	0.000000
207	15	30.974	0.000000
208	15	30.974	0.064841
209	15	30.974	0.205657
210	15	30.974	0.716292
211	15	30.974	1.100124
212	15	30.974	1.431160
213	15	30.974	1.239766
214	16	32.065	0.000000
215	16	32.065	2.605375
216	16	32.065	0.000000
217	16	32.065	1.614793
218	16	32.065	2.438017
219	16	32.065	6.237855
220	16	32.065	11.010450
221	16	32.065	18.272156
222	16	32.065	27.336878
223	17	35.453	0.000000
224	17	35.453	0.377981
225	17	35.453	0.000000
226	17	35.453	0.225046
227	17	35.453	0.619416
228	17	35.453	1.254799
229	17	35.453	1.254113
230	17	35.453	1.114321
231	18	39.948	0.000000
232	18	39.948	0.000000
233	18	39.948	0.000000
234	18	39.948	0.442518
235	18	39.948	1.279642
236	18	39.948	2.515940
237	18	39.948	2.418147
238	18	39.948	2.669929
239	19	39.098	0.000000
240	19	39.098	1.344541
241	19	39.098	0.000000
242	19	39.098	0.368598
243	19	39.098	1.048402
244	19	39.098	1.372077
245	19	39.098	1.729967
246	19	39.098	1.406997
247	20	40.078	0.000000
248	20	40.078	2.417084
249	20	40.078	0.000000
250	20	40.078	1.234367
251	20	40.078	2.361537
252	20	40.078	3.035116
253	20	40.078	4.494352
254	20	40.078	4.370937
255	21	44.956	0.000000
256	21	44.956	0.000000
257	21	44.956	0.000000
258	21	44.956	0.228535
259	21	44.956	0.509051
260	21	44.956	0.734102
261	21	44.956	0.763814
262	21	44.956	0.727720
263	22	47.867	0.000000
264	22	47.867	0.000000
265	22	47.867	0.000000
266	22	47.867	0.906100
267	22	47.867	1.544248
268	22	47.867	2.579893
269	22	47.867	2.532153
270	22	47.867	2.831944
271	22	47.867	2.811396
272	23	50.941	0.000000
273	23	50.941	0.000000
274	23	50.941	0.000000
275	23	50.941	0.420612
276	23	50.941	0.742110
277	23	50.941	1.214559
278	23	50.941	1.550836
279	23	50.941	1.366280
280	24	51.996	0.000000
281	24	51.996	0.000000
282	24	51.996	0.000000
283	24	51.996	0.917776
284	24	51.996	1.284499
285	24	51.996	2.870184
286	24	51.996	2.336162
287	24	51.996	4.425058
288	24	51.996	4.250607
289	25	54.938	0.000000
290	25	54.938	0.000000
291	25	54.938	0.000000
292	25	54.938	0.562393
293	25	54.938	0.777142
294	25	54.938	1.740196
295	25	54.938	2.644396
296	25	54.938	2.634211
297	27	58.933	0.000000
298	27	58.933	0.000000
299	27	58.933	0.000000
300	27	58.933	0.033780
301	27	58.933	0.054377
302	27	58.933	0.081310
303	27	58.933	0.153490
304	27	58.933	0.146994
305	28	58.693	0.000000
306	28	58.693	0.000000
307	28	58.693	0.000000
308	28	58.693	0.310356
309	28	58.693	0.377872
310	28	58.693	1.186082
311	28	58.693	2.087291
312	28	58.693	5.063424
313	1	2.014	0.000000
314	1	2.014	549.181331
315	1	2.014	539.030468
316	1	2.014	717.060140
317	1	2.014	833.699381
318	1	2.014	915.504420
319	1	2.014	970.762746
320	1	2.014	999.729422
