#Z	A	norm	slope
#sub-leading extrapolation: ratio(R>Rmax) = norm * (min(R, 5e6 GV)/Rmax)**slope, Rmax = species' top knot (ratio saturates at R_sat = 5 PV)
#(best-fit point estimates; uncertainty not propagated — covariance.dat stores leaders only)
1	2.014	2.68038014e-02	0.076230
3	6.941	3.82787025e-02	-0.232846
4	9.012	1.57382279e-02	-0.299615
5	10.811	4.53463600e-02	-0.111173
6	12.011	1.14116981e+00	-0.038782
7	14.007	1.17955679e-01	-0.108984
9	18.998	4.44685080e-03	-0.240210
10	20.180	8.56604456e-01	-0.055240
11	22.990	4.96386972e-02	-0.304368
12	24.305	9.65350727e-01	-0.083210
13	26.982	1.15672853e-01	-0.139067
14	28.085	8.65688797e-01	-0.085601
15	30.974	2.42636435e-02	-0.454669
16	32.065	1.43006796e-01	-0.131621
17	35.453	2.17255803e-02	-0.507092
18	39.948	5.08390001e-02	-0.417712
19	39.098	2.75732719e-02	-0.516149
20	40.078	8.65503209e-02	-0.377133
21	44.956	1.40476116e-02	-0.510134
22	47.867	2.94069225e-02	-0.323058
23	50.941	2.60360736e-02	-0.434151
24	51.996	4.45364778e-02	-0.174736
25	54.938	5.03463080e-02	-0.312680
27	58.933	2.81650877e-03	-0.341460
28	58.693	5.56593218e-02	0.094894
