#i	Z	A	value [1/(GV.m2.sr.s)]
0	1	1.008	0.000000
1	1	1.008	13226.694018
2	1	1.008	16733.428865
3	1	1.008	22318.252708
4	1	1.008	28743.807285
5	1	1.008	34666.746872
6	1	1.008	39384.377618
7	1	1.008	47465.196890
8	1	1.008	63824.611385
9	1	1.008	123920.031475
10	1	1.008	209806.798880
11	1	1.008	270647.208161
12	1	1.008	386853.644934
13	1	1.008	392018.038508
14	1	1.008	756937.765215
15	1	1.008	1544813.908744
16	1	1.008	866905.668455
17	1	1.008	410462.120677
18	1	1.008	537854.390612
19	1	1.008	502177.640462
20	1	1.008	1041340.003832
21	1	1.008	738835.955041
22	1	1.008	665947.454799
23	1	1.008	68383.437896
24	1	1.008	0.000000
25	1	1.008	160476.082420
26	1	1.008	0.000000
27	1	1.008	0.000000
28	2	4.003	0.000000
29	2	4.003	0.000000
30	2	4.003	2243.079876
31	2	4.003	3644.754352
32	2	4.003	4610.691797
33	2	4.003	6233.170067
34	2	4.003	7855.177965
35	2	4.003	11117.010582
36	2	4.003	15857.332012
37	2	4.003	33298.147952
38	2	4.003	86884.977215
39	2	4.003	161708.255628
40	2	4.003	186603.640173
41	2	4.003	205302.250806
42	2	4.003	363531.395500
43	2	4.003	163287.512119
44	2	4.003	36217.964475
45	2	4.003	0.000000
46	2	4.003	195938.952427
47	2	4.003	211546.576617
48	2	4.003	211802.114026
49	2	4.003	315253.428464
50	2	4.003	348599.781074
51	2	4.003	161654.803277
52	2	4.003	0.000000
53	2	4.003	0.000000
54	2	4.003	0.000000
55	8	15.999	0.000000
56	8	15.999	0.000000
57	8	15.999	24.418125
58	8	15.999	56.665334
59	8	15.999	87.619711
60	8	15.999	127.524230
61	8	15.999	183.978290
62	8	15.999	263.469458
63	8	15.999	403.694638
64	8	15.999	603.136361
65	8	15.999	1818.040216
66	8	15.999	4517.002618
67	8	15.999	4067.721264
68	8	15.999	10281.564159
69	8	15.999	7148.655505
70	8	15.999	9646.892567
71	8	15.999	16449.436454
72	8	15.999	9556.701862
73	8	15.999	7216.014568
74	8	15.999	3434.185926
75	8	15.999	172.207459
76	8	15.999	7743.042909
77	8	15.999	14836.268968
78	8	15.999	18385.033282
79	8	15.999	1301.295203
80	8	15.999	0.000000
81	8	15.999	0.000000
82	8	15.999	0.000000
83	26	55.845	0.000000
84	26	55.845	3.077461
85	26	55.845	9.646345
86	26	55.845	34.422025
87	26	55.845	65.450820
88	26	55.845	103.152984
89	26	55.845	326.315137
90	26	55.845	700.544110
91	26	55.845	456.267673
92	26	55.845	529.228012
93	26	55.845	1158.109235
94	26	55.845	1455.281995
95	26	55.845	2268.912172
96	26	55.845	0.000000
97	26	55.845	15.291134
98	26	55.845	0.000000
99	26	55.845	0.000000
100	26	55.845	0.000000
101	26	55.845	493.747575
102	26	55.845	0.000000
103	26	55.845	0.000000
104	26	55.845	0.000000
105	26	55.845	0.000000
106	26	55.845	0.000000
107	3	6.941	0.000000
108	3	6.941	0.000000
109	3	6.941	11.908917
110	3	6.941	32.145871
111	3	6.941	45.008480
112	3	6.941	25.132139
113	3	6.941	25.376168
114	3	6.941	59.308955
115	4	9.012	0.000000
116	4	9.012	3.563044
117	4	9.012	6.482481
118	4	9.012	15.137993
119	4	9.012	20.477583
120	4	9.012	17.745955
121	4	9.012	11.814206
122	4	9.012	23.722018
123	4	9.012	3.329211
124	5	10.811	0.000000
125	5	10.811	4.048116
126	5	10.811	1.842568
127	5	10.811	29.375241
128	5	10.811	44.429020
129	5	10.811	60.070656
130	5	10.811	33.167337
131	5	10.811	44.511447
132	5	10.811	147.500764
133	6	12.011	0.000000
134	6	12.011	0.000000
135	6	12.011	23.804026
136	6	12.011	58.928913
137	6	12.011	96.051361
138	6	12.011	188.553666
139	6	12.011	405.225451
140	6	12.011	727.451713
141	6	12.011	6582.965195
142	7	14.007	0.000000
143	7	14.007	1.920372
144	7	14.007	4.412258
145	7	14.007	14.501897
146	7	14.007	26.122133
147	7	14.007	38.426361
148	7	14.007	57.316319
149	7	14.007	60.166737
150	7	14.007	69.835505
151	7	14.007	159.525372
152	9	18.998	0.000000
153	9	18.998	0.262462
154	9	18.998	0.210292
155	9	18.998	0.784407
156	9	18.998	1.728687
157	9	18.998	3.897930
158	9	18.998	3.388642
159	9	18.998	3.096966
160	9	18.998	5.126132
161	10	20.180	0.000000
162	10	20.180	1.961664
163	10	20.180	2.153523
164	10	20.180	8.943950
165	10	20.180	12.907430
166	10	20.180	32.774204
167	10	20.180	56.972804
168	10	20.180	87.608200
169	10	20.180	167.686095
170	11	22.990	0.000000
171	11	22.990	0.619801
172	11	22.990	0.317175
173	11	22.990	1.577781
174	11	22.990	3.201323
175	11	22.990	6.019274
176	11	22.990	7.333004
177	11	22.990	7.607731
178	11	22.990	9.004679
179	12	24.305	0.000000
180	12	24.305	3.485040
181	12	24.305	3.012337
182	12	24.305	12.192389
183	12	24.305	16.034992
184	12	24.305	38.644471
185	12	24.305	69.992979
186	12	24.305	105.086844
187	12	24.305	187.820218
188	13	26.982	0.000000
189	13	26.982	0.000000
190	13	26.982	0.531847
191	13	26.982	1.596301
192	13	26.982	3.502015
193	13	26.982	7.161556
194	13	26.982	10.507758
195	13	26.982	13.700753
196	13	26.982	23.807144
197	14	28.085	0.000000
198	14	28.085	1.202903
199	14	28.085	2.288171
200	14	28.085	8.939527
201	14	28.085	11.828485
202	14	28.085	29.260073
203	14	28.085	61.869181
204	14	28.085	99.649081
205	14	28.085	167.252086
206	15	30.974	0.000000
207	15	30.974	0.000000
208	15	30.974	0.064620
209	15	30.974	0.203666
210	15	30.974	0.716446
211	15	30.974	1.091657
212	15	30.974	1.551908
213	15	30.974	0.989886
214	16	32.065	0.000000
215	16	32.065	2.484818
216	16	32.065	0.000000
217	16	32.065	1.604869
218	16	32.065	2.405533
219	16	32.065	6.224646
220	16	32.065	11.025718
221	16	32.065	18.435681
222	16	32.065	27.380026
223	17	35.453	0.000000
224	17	35.453	0.363166
225	17	35.453	0.000000
226	17	35.453	0.223741
227	17	35.453	0.617864
228	17	35.453	1.270790
229	17	35.453	1.291265
230	17	35.453	0.932612
231	18	39.948	0.000000
232	18	39.948	0.000000
233	18	39.948	0.000000
234	18	39.948	0.441780
235	18	39.948	1.263410
236	18	39.948	2.594708
237	18	39.948	2.294760
238	18	39.948	2.924719
239	19	39.098	0.000000
240	19	39.098	1.270427
241	19	39.098	0.000000
242	19	39.098	0.366253
243	19	39.098	1.045867
244	19	39.098	1.345563
245	19	39.098	1.883253
246	19	39.098	1.038269
247	20	40.078	0.000000
248	20	40.078	2.297401
249	20	40.078	0.000000
250	20	40.078	1.227375
251	20	40.078	2.338052
252	20	40.078	3.043260
253	20	40.078	4.836189
254	20	40.078	4.071336
255	21	44.956	0.000000
256	21	44.956	0.000000
257	21	44.956	0.000000
258	21	44.956	0.227742
259	21	44.956	0.502446
260	21	44.956	0.750484
261	21	44.956	0.734762
262	21	44.956	0.777349
263	22	47.867	0.000000
264	22	47.867	0.000000
265	22	47.867	0.000000
266	22	47.867	0.900063
267	22	47.867	1.531287
268	22	47.867	2.545268
269	22	47.867	2.554136
270	22	47.867	2.839320
271	22	47.867	3.063868
272	23	50.941	0.000000
273	23	50.941	0.000000
274	23	50.941	0.000000
275	23	50.941	0.417445
276	23	50.941	0.737564
277	23	50.941	1.207234
278	23	50.941	1.651937
279	23	50.941	1.135713
280	24	51.996	0.000000
281	24	51.996	0.000000
282	24	51.996	0.000000
283	24	51.996	0.910822
284	24	51.996	1.274201
285	24	51.996	2.835431
286	24	51.996	2.341814
287	24	51.996	4.542146
288	24	51.996	4.460758
289	25	54.938	0.000000
290	25	54.938	0.000000
291	25	54.938	0.000000
292	25	54.938	0.557911
293	25	54.938	0.771037
294	25	54.938	1.766750
295	25	54.938	2.819462
296	25	54.938	2.411192
297	27	58.933	0.000000
298	27	58.933	0.000000
299	27	58.933	0.000000
300	27	58.933	0.033492
301	27	58.933	0.054045
302	27	58.933	0.080723
303	27	58.933	0.169536
304	27	58.933	0.126831
305	28	58.693	0.000000
306	28	58.693	0.000000
307	28	58.693	0.000000
308	28	58.693	0.308033
309	28	58.693	0.373572
310	28	58.693	1.251266
311	28	58.693	2.270167
312	28	58.693	6.088573
313	1	2.014	0.000000
314	1	2.014	523.209183
315	1	2.014	529.700490
316	1	2.014	697.129633
317	1	2.014	822.055836
318	1	2.014	907.551690
319	1	2.014	973.318379
320	1	2.014	993.971885
