#Z	A	norm	slope
#sub-leading extrapolation: ratio(R>Rmax) = norm * (min(R, 5e6 GV)/Rmax)**slope, Rmax = species' top knot (ratio saturates at R_sat = 5 PV)
#(best-fit point estimates; uncertainty not propagated — covariance.dat stores leaders only)
1	2.014	2.68065044e-02	0.077259
3	6.941	3.82219566e-02	-0.232675
4	9.012	1.57122870e-02	-0.299475
5	10.811	4.84027534e-02	-0.108922
6	12.011	1.15441378e+00	-0.037965
7	14.007	1.17786858e-01	-0.108786
9	18.998	4.44093082e-03	-0.240134
10	20.180	8.52069273e-01	-0.056149
11	22.990	4.93605193e-02	-0.305450
12	24.305	9.60231660e-01	-0.084125
13	26.982	1.15042867e-01	-0.140076
14	28.085	8.61119936e-01	-0.086522
15	30.974	2.42199422e-02	-0.454621
16	32.065	1.42244853e-01	-0.132610
17	35.453	2.16883383e-02	-0.507032
18	39.948	5.07541085e-02	-0.417625
19	39.098	2.75247607e-02	-0.516062
20	40.078	8.64122383e-02	-0.377095
21	44.956	1.40253747e-02	-0.510025
22	47.867	2.93019930e-02	-0.323915
23	50.941	2.59939094e-02	-0.434071
24	51.996	4.43687823e-02	-0.175667
25	54.938	5.02664252e-02	-0.312666
27	58.933	2.81157748e-03	-0.341395
28	58.693	5.54222148e-02	0.093844
