#i	Z	A	value [1/(GV.m2.sr.s)]
0	1	1.008	0.000000
1	1	1.008	13598.252281
2	1	1.008	17048.771252
3	1	1.008	22531.915591
4	1	1.008	28892.498599
5	1	1.008	34733.843271
6	1	1.008	39382.423759
7	1	1.008	47426.353476
8	1	1.008	63706.915759
9	1	1.008	123631.566399
10	1	1.008	210449.235471
11	1	1.008	270811.575539
12	1	1.008	390202.400100
13	1	1.008	396724.012764
14	1	1.008	762624.143206
15	1	1.008	1437086.336087
16	1	1.008	768908.748143
17	1	1.008	467950.465756
18	1	1.008	499178.034379
19	1	1.008	494299.728182
20	1	1.008	917984.582686
21	1	1.008	704489.689161
22	1	1.008	622303.611951
23	1	1.008	167732.150989
24	1	1.008	103871.816649
25	1	1.008	79400.453706
26	1	1.008	0.000000
27	1	1.008	0.000000
28	2	4.003	0.000000
29	2	4.003	0.000000
30	2	4.003	2293.320127
31	2	4.003	3692.276910
32	2	4.003	4640.335780
33	2	4.003	6253.373522
34	2	4.003	7864.826336
35	2	4.003	11123.439482
36	2	4.003	15864.813562
37	2	4.003	33357.291671
38	2	4.003	87119.011248
39	2	4.003	161253.002940
40	2	4.003	194805.651120
41	2	4.003	221087.585248
42	2	4.003	396760.713779
43	2	4.003	152156.405888
44	2	4.003	47117.137769
45	2	4.003	0.000000
46	2	4.003	122880.764481
47	2	4.003	145815.343069
48	2	4.003	147210.526924
49	2	4.003	189609.058920
50	2	4.003	184657.253509
51	2	4.003	90087.672044
52	2	4.003	0.000000
53	2	4.003	0.000000
54	2	4.003	0.000000
55	8	15.999	0.000000
56	8	15.999	0.000000
57	8	15.999	24.634880
58	8	15.999	57.317571
59	8	15.999	88.996813
60	8	15.999	128.478697
61	8	15.999	184.918855
62	8	15.999	264.205496
63	8	15.999	404.795700
64	8	15.999	604.050793
65	8	15.999	1837.580505
66	8	15.999	4571.468068
67	8	15.999	4587.388510
68	8	15.999	10606.133562
69	8	15.999	6541.233507
70	8	15.999	10118.870845
71	8	15.999	15833.880207
72	8	15.999	9672.691260
73	8	15.999	7248.876171
74	8	15.999	5188.868288
75	8	15.999	3105.487836
76	8	15.999	12802.447337
77	8	15.999	15632.405981
78	8	15.999	15893.020049
79	8	15.999	1544.327885
80	8	15.999	0.000000
81	8	15.999	0.000000
82	8	15.999	0.000000
83	26	55.845	0.000000
84	26	55.845	3.086430
85	26	55.845	9.624304
86	26	55.845	34.122905
87	26	55.845	64.670368
88	26	55.845	102.103092
89	26	55.845	324.038017
90	26	55.845	669.940536
91	26	55.845	471.331511
92	26	55.845	681.324314
93	26	55.845	1069.659216
94	26	55.845	1560.737501
95	26	55.845	2148.484740
96	26	55.845	498.380802
97	26	55.845	8.482851
98	26	55.845	6.215805
99	26	55.845	0.000000
100	26	55.845	640.075356
101	26	55.845	614.634176
102	26	55.845	0.000000
103	26	55.845	0.000000
104	26	55.845	0.000000
105	26	55.845	0.000000
106	26	55.845	0.000000
107	3	6.941	0.000000
108	3	6.941	0.000000
109	3	6.941	12.040240
110	3	6.941	32.119548
111	3	6.941	44.839555
112	3	6.941	26.011580
113	3	6.941	25.764863
114	3	6.941	44.326938
115	4	9.012	0.000000
116	4	9.012	3.739299
117	4	9.012	6.670748
118	4	9.012	15.346670
119	4	9.012	20.688913
120	4	9.012	17.848445
121	4	9.012	12.536042
122	4	9.012	20.599124
123	4	9.012	18.225550
124	5	10.811	0.000000
125	5	10.811	4.193715
126	5	10.811	1.801579
127	5	10.811	29.643928
128	5	10.811	44.488839
129	5	10.811	60.077957
130	5	10.811	33.142080
131	5	10.811	43.503163
132	5	10.811	132.586608
133	6	12.011	0.000000
134	6	12.011	0.000000
135	6	12.011	23.929241
136	6	12.011	59.700530
137	6	12.011	96.944423
138	6	12.011	188.627744
139	6	12.011	400.018778
140	6	12.011	714.807262
141	6	12.011	6093.148600
142	7	14.007	0.000000
143	7	14.007	1.923809
144	7	14.007	4.460753
145	7	14.007	14.635558
146	7	14.007	26.221336
147	7	14.007	38.333621
148	7	14.007	57.072046
149	7	14.007	59.176907
150	7	14.007	69.423002
151	7	14.007	136.578601
152	9	18.998	0.000000
153	9	18.998	0.272749
154	9	18.998	0.213383
155	9	18.998	0.790006
156	9	18.998	1.748468
157	9	18.998	3.904865
158	9	18.998	3.382346
159	9	18.998	3.114201
160	9	18.998	4.924196
161	10	20.180	0.000000
162	10	20.180	2.057455
163	10	20.180	2.160099
164	10	20.180	9.033976
165	10	20.180	13.067136
166	10	20.180	32.844140
167	10	20.180	56.786651
168	10	20.180	87.064844
169	10	20.180	163.800027
170	11	22.990	0.000000
171	11	22.990	0.628207
172	11	22.990	0.324593
173	11	22.990	1.585519
174	11	22.990	3.251137
175	11	22.990	6.029827
176	11	22.990	7.368507
177	11	22.990	7.542929
178	11	22.990	9.492763
179	12	24.305	0.000000
180	12	24.305	3.643743
181	12	24.305	3.029297
182	12	24.305	12.313350
183	12	24.305	16.254808
184	12	24.305	38.729931
185	12	24.305	69.858425
186	12	24.305	104.422305
187	12	24.305	184.619727
188	13	26.982	0.000000
189	13	26.982	0.000000
190	13	26.982	0.536390
191	13	26.982	1.611652
192	13	26.982	3.525371
193	13	26.982	7.170343
194	13	26.982	10.392766
195	13	26.982	13.735775
196	13	26.982	22.120822
197	14	28.085	0.000000
198	14	28.085	1.265679
199	14	28.085	2.298398
200	14	28.085	9.028049
201	14	28.085	12.000938
202	14	28.085	29.336317
203	14	28.085	61.793874
204	14	28.085	98.919159
205	14	28.085	165.566049
206	15	30.974	0.000000
207	15	30.974	0.000000
208	15	30.974	0.064834
209	15	30.974	0.205653
210	15	30.974	0.716261
211	15	30.974	1.100104
212	15	30.974	1.431133
213	15	30.974	1.239772
214	16	32.065	0.000000
215	16	32.065	2.604853
216	16	32.065	0.000000
217	16	32.065	1.614720
218	16	32.065	2.438008
219	16	32.065	6.237772
220	16	32.065	11.011192
221	16	32.065	18.271252
222	16	32.065	27.347792
223	17	35.453	0.000000
224	17	35.453	0.377853
225	17	35.453	0.000000
226	17	35.453	0.225041
227	17	35.453	0.619386
228	17	35.453	1.254778
229	17	35.453	1.254085
230	17	35.453	1.114325
231	18	39.948	0.000000
232	18	39.948	0.000000
233	18	39.948	0.000000
234	18	39.948	0.442512
235	18	39.948	1.279576
236	18	39.948	2.515912
237	18	39.948	2.418068
238	18	39.948	2.669982
239	19	39.098	0.000000
240	19	39.098	1.344011
241	19	39.098	0.000000
242	19	39.098	0.368590
243	19	39.098	1.048355
244	19	39.098	1.372054
245	19	39.098	1.729933
246	19	39.098	1.407005
247	20	40.078	0.000000
248	20	40.078	2.416408
249	20	40.078	0.000000
250	20	40.078	1.234329
251	20	40.078	2.361409
252	20	40.078	3.035108
253	20	40.078	4.494196
254	20	40.078	4.371052
255	21	44.956	0.000000
256	21	44.956	0.000000
257	21	44.956	0.000000
258	21	44.956	0.228529
259	21	44.956	0.509024
260	21	44.956	0.734095
261	21	44.956	0.763789
262	21	44.956	0.727733
263	22	47.867	0.000000
264	22	47.867	0.000000
265	22	47.867	0.000000
266	22	47.867	0.906070
267	22	47.867	1.544154
268	22	47.867	2.579874
269	22	47.867	2.532036
270	22	47.867	2.831902
271	22	47.867	2.811076
272	23	50.941	0.000000
273	23	50.941	0.000000
274	23	50.941	0.000000
275	23	50.941	0.420598
276	23	50.941	0.742068
277	23	50.941	1.214553
278	23	50.941	1.550787
279	23	50.941	1.366298
280	24	51.996	0.000000
281	24	51.996	0.000000
282	24	51.996	0.000000
283	24	51.996	0.917742
284	24	51.996	1.284418
285	24	51.996	2.870155
286	24	51.996	2.336047
287	24	51.996	4.424994
288	24	51.996	4.250194
289	25	54.938	0.000000
290	25	54.938	0.000000
291	25	54.938	0.000000
292	25	54.938	0.562371
293	25	54.938	0.777091
294	25	54.938	1.740200
295	25	54.938	2.644290
296	25	54.938	2.634289
297	27	58.933	0.000000
298	27	58.933	0.000000
299	27	58.933	0.000000
300	27	58.933	0.033779
301	27	58.933	0.054373
302	27	58.933	0.081310
303	27	58.933	0.153485
304	27	58.933	0.146997
305	28	58.693	0.000000
306	28	58.693	0.000000
307	28	58.693	0.000000
308	28	58.693	0.310339
309	28	58.693	0.377871
310	28	58.693	1.185929
311	28	58.693	2.087734
312	28	58.693	5.061470
313	1	2.014	0.000000
314	1	2.014	549.246500
315	1	2.014	539.018649
316	1	2.014	717.158599
317	1	2.014	833.748492
318	1	2.014	915.577096
319	1	2.014	970.809144
320	1	2.014	999.848209
