#Z	A	norm	slope
#sub-leading extrapolation: ratio(R>Rmax) = norm * (min(R, 5e6 GV)/Rmax)**slope, Rmax = species' top knot (ratio saturates at R_sat = 5 PV)
#(best-fit point estimates; uncertainty not propagated — covariance.dat stores leaders only)
1	2.014	2.67975679e-02	0.075672
3	6.941	3.82917844e-02	-0.232716
4	9.012	1.57434917e-02	-0.299490
5	10.811	4.53372305e-02	-0.112020
6	12.011	1.15619419e+00	-0.030879
7	14.007	1.17990619e-01	-0.108849
9	18.998	4.44818247e-03	-0.240105
10	20.180	8.55822935e-01	-0.055677
11	22.990	4.95994613e-02	-0.304664
12	24.305	9.64427095e-01	-0.083641
13	26.982	1.15571543e-01	-0.139422
14	28.085	8.64758818e-01	-0.086027
15	30.974	2.42442695e-02	-0.454823
16	32.065	1.42869386e-01	-0.131995
17	35.453	2.17084768e-02	-0.507244
18	39.948	5.07972995e-02	-0.417863
19	39.098	2.75509730e-02	-0.516305
20	40.078	8.64786934e-02	-0.377292
21	44.956	1.40364079e-02	-0.510274
22	47.867	2.94044276e-02	-0.322759
23	50.941	2.60154580e-02	-0.434300
24	51.996	4.45327637e-02	-0.174429
25	54.938	5.03061956e-02	-0.312827
27	58.933	2.81448646e-03	-0.341577
28	58.693	5.56825052e-02	0.095202
