#i	Z	A	value [1/(GV.m2.sr.s)]
0	1	1.008	0.000000
1	1	1.008	13599.128119
2	1	1.008	17049.364040
3	1	1.008	22532.391249
4	1	1.008	28892.904146
5	1	1.008	34734.142974
6	1	1.008	39382.658039
7	1	1.008	47426.646366
8	1	1.008	63707.696171
9	1	1.008	123633.215331
10	1	1.008	210464.421976
11	1	1.008	270812.933491
12	1	1.008	390326.943647
13	1	1.008	396685.503031
14	1	1.008	763392.982226
15	1	1.008	1435699.184539
16	1	1.008	771456.529103
17	1	1.008	456836.175816
18	1	1.008	491560.833347
19	1	1.008	485994.991794
20	1	1.008	735837.645811
21	1	1.008	664865.467859
22	1	1.008	592447.721348
23	1	1.008	264940.470525
24	1	1.008	207743.633298
25	1	1.008	0.000000
26	1	1.008	0.000000
27	1	1.008	0.000000
28	2	4.003	0.000000
29	2	4.003	0.000000
30	2	4.003	2293.292852
31	2	4.003	3692.317800
32	2	4.003	4640.322621
33	2	4.003	6253.357618
34	2	4.003	7864.747430
35	2	4.003	11123.320014
36	2	4.003	15864.705709
37	2	4.003	33354.985099
38	2	4.003	87126.224088
39	2	4.003	161226.162990
40	2	4.003	194852.461861
41	2	4.003	221420.938015
42	2	4.003	396158.355347
43	2	4.003	154421.263168
44	2	4.003	49312.930723
45	2	4.003	0.000000
46	2	4.003	97249.832087
47	2	4.003	85686.102877
48	2	4.003	72935.431596
49	2	4.003	68521.922642
50	2	4.003	19109.006134
51	2	4.003	17587.023732
52	2	4.003	0.000000
53	2	4.003	0.000000
54	2	4.003	0.000000
55	8	15.999	0.000000
56	8	15.999	0.000000
57	8	15.999	24.634736
58	8	15.999	57.319268
59	8	15.999	88.981719
60	8	15.999	128.465392
61	8	15.999	184.894438
62	8	15.999	264.171346
63	8	15.999	404.728721
64	8	15.999	603.959285
65	8	15.999	1836.849605
66	8	15.999	4571.886029
67	8	15.999	4541.413587
68	8	15.999	10540.662344
69	8	15.999	6449.089162
70	8	15.999	9828.484053
71	8	15.999	15422.125763
72	8	15.999	9393.112246
73	8	15.999	5821.331178
74	8	15.999	7391.294653
75	8	15.999	5878.893684
76	8	15.999	17637.158593
77	8	15.999	16059.986597
78	8	15.999	12894.424457
79	8	15.999	1774.160402
80	8	15.999	0.000000
81	8	15.999	0.000000
82	8	15.999	0.000000
83	26	55.845	0.000000
84	26	55.845	3.088493
85	26	55.845	9.624711
86	26	55.845	34.129480
87	26	55.845	64.677364
88	26	55.845	102.146330
89	26	55.845	323.945913
90	26	55.845	672.070574
91	26	55.845	469.596441
92	26	55.845	689.375938
93	26	55.845	1066.846238
94	26	55.845	1617.697913
95	26	55.845	2060.854731
96	26	55.845	996.761604
97	26	55.845	0.000000
98	26	55.845	12.431610
99	26	55.845	0.000000
100	26	55.845	1280.150712
101	26	55.845	746.895616
102	26	55.845	0.000000
103	26	55.845	0.000000
104	26	55.845	0.000000
105	26	55.845	0.000000
106	26	55.845	0.000000
107	3	6.941	0.000000
108	3	6.941	0.000000
109	3	6.941	12.040723
110	3	6.941	32.120290
111	3	6.941	44.840069
112	3	6.941	26.012318
113	3	6.941	25.764299
114	3	6.941	44.334357
115	4	9.012	0.000000
116	4	9.012	3.739545
117	4	9.012	6.670957
118	4	9.012	15.346877
119	4	9.012	20.689047
120	4	9.012	17.848503
121	4	9.012	12.536187
122	4	9.012	20.598907
123	4	9.012	18.228744
124	5	10.811	0.000000
125	5	10.811	4.194107
126	5	10.811	1.801284
127	5	10.811	29.644648
128	5	10.811	44.489065
129	5	10.811	60.078319
130	5	10.811	33.140775
131	5	10.811	43.506862
132	5	10.811	132.558847
133	6	12.011	0.000000
134	6	12.011	0.000000
135	6	12.011	23.929862
136	6	12.011	59.700285
137	6	12.011	96.958521
138	6	12.011	188.632411
139	6	12.011	400.107917
140	6	12.011	714.679840
141	6	12.011	6097.103425
142	7	14.007	0.000000
143	7	14.007	1.924004
144	7	14.007	4.460751
145	7	14.007	14.635737
146	7	14.007	26.222515
147	7	14.007	38.334944
148	7	14.007	57.073181
149	7	14.007	59.179532
150	7	14.007	69.422292
151	7	14.007	136.602091
152	9	18.998	0.000000
153	9	18.998	0.272747
154	9	18.998	0.213391
155	9	18.998	0.790007
156	9	18.998	1.748513
157	9	18.998	3.904880
158	9	18.998	3.382394
159	9	18.998	3.114128
160	9	18.998	4.924928
161	10	20.180	0.000000
162	10	20.180	2.057647
163	10	20.180	2.160070
164	10	20.180	9.034125
165	10	20.180	13.066929
166	10	20.180	32.843863
167	10	20.180	56.784212
168	10	20.180	87.065380
169	10	20.180	163.777357
170	11	22.990	0.000000
171	11	22.990	0.628265
172	11	22.990	0.324591
173	11	22.990	1.585537
174	11	22.990	3.251158
175	11	22.990	6.029826
176	11	22.990	7.368345
177	11	22.990	7.543116
178	11	22.990	9.490730
179	12	24.305	0.000000
180	12	24.305	3.644177
181	12	24.305	3.029246
182	12	24.305	12.313556
183	12	24.305	16.254731
184	12	24.305	38.729693
185	12	24.305	69.856447
186	12	24.305	104.422437
187	12	24.305	184.602341
188	13	26.982	0.000000
189	13	26.982	0.000000
190	13	26.982	0.536392
191	13	26.982	1.611674
192	13	26.982	3.525375
193	13	26.982	7.170349
194	13	26.982	10.392471
195	13	26.982	13.736081
196	13	26.982	22.116874
197	14	28.085	0.000000
198	14	28.085	1.265881
199	14	28.085	2.298368
200	14	28.085	9.028196
201	14	28.085	12.000856
202	14	28.085	29.336193
203	14	28.085	61.792102
204	14	28.085	98.919329
205	14	28.085	165.549150
206	15	30.974	0.000000
207	15	30.974	0.000000
208	15	30.974	0.064839
209	15	30.974	0.205650
210	15	30.974	0.716286
211	15	30.974	1.099968
212	15	30.974	1.431202
213	15	30.974	1.239420
214	16	32.065	0.000000
215	16	32.065	2.604948
216	16	32.065	0.000000
217	16	32.065	1.614736
218	16	32.065	2.437997
219	16	32.065	6.237802
220	16	32.065	11.010844
221	16	32.065	18.271657
222	16	32.065	27.342781
223	17	35.453	0.000000
224	17	35.453	0.377918
225	17	35.453	0.000000
226	17	35.453	0.225040
227	17	35.453	0.619410
228	17	35.453	1.254648
229	17	35.453	1.254129
230	17	35.453	1.114020
231	18	39.948	0.000000
232	18	39.948	0.000000
233	18	39.948	0.000000
234	18	39.948	0.442509
235	18	39.948	1.279619
236	18	39.948	2.515628
237	18	39.948	2.418222
238	18	39.948	2.669212
239	19	39.098	0.000000
240	19	39.098	1.344157
241	19	39.098	0.000000
242	19	39.098	0.368590
243	19	39.098	1.048376
244	19	39.098	1.371886
245	19	39.098	1.730007
246	19	39.098	1.406599
247	20	40.078	0.000000
248	20	40.078	2.416622
249	20	40.078	0.000000
250	20	40.078	1.234332
251	20	40.078	2.361467
252	20	40.078	3.034676
253	20	40.078	4.494521
254	20	40.078	4.369705
255	21	44.956	0.000000
256	21	44.956	0.000000
257	21	44.956	0.000000
258	21	44.956	0.228529
259	21	44.956	0.509038
260	21	44.956	0.734002
261	21	44.956	0.763835
262	21	44.956	0.727531
263	22	47.867	0.000000
264	22	47.867	0.000000
265	22	47.867	0.000000
266	22	47.867	0.906075
267	22	47.867	1.544181
268	22	47.867	2.579690
269	22	47.867	2.531993
270	22	47.867	2.831832
271	22	47.867	2.810868
272	23	50.941	0.000000
273	23	50.941	0.000000
274	23	50.941	0.000000
275	23	50.941	0.420600
276	23	50.941	0.742083
277	23	50.941	1.214431
278	23	50.941	1.550829
279	23	50.941	1.365935
280	24	51.996	0.000000
281	24	51.996	0.000000
282	24	51.996	0.000000
283	24	51.996	0.917746
284	24	51.996	1.284450
285	24	51.996	2.869984
286	24	51.996	2.335990
287	24	51.996	4.424904
288	24	51.996	4.249877
289	25	54.938	0.000000
290	25	54.938	0.000000
291	25	54.938	0.000000
292	25	54.938	0.562374
293	25	54.938	0.777113
294	25	54.938	1.740047
295	25	54.938	2.644372
296	25	54.938	2.633579
297	27	58.933	0.000000
298	27	58.933	0.000000
299	27	58.933	0.000000
300	27	58.933	0.033780
301	27	58.933	0.054374
302	27	58.933	0.081304
303	27	58.933	0.153486
304	27	58.933	0.146966
305	28	58.693	0.000000
306	28	58.693	0.000000
307	28	58.693	0.000000
308	28	58.693	0.310341
309	28	58.693	0.377875
310	28	58.693	1.185881
311	28	58.693	2.087660
312	28	58.693	5.061310
313	1	2.014	0.000000
314	1	2.014	549.175233
315	1	2.014	539.015908
316	1	2.014	717.073919
317	1	2.014	833.705331
318	1	2.014	915.516140
319	1	2.014	970.771941
320	1	2.014	999.750114
