#i	Z	A	value [1/(GV.m2.sr.s)]
0	1	1.008	0.000000
1	1	1.008	13598.584794
2	1	1.008	17049.094141
3	1	1.008	22531.675022
4	1	1.008	28891.003991
5	1	1.008	34732.196169
6	1	1.008	39379.966870
7	1	1.008	47420.391271
8	1	1.008	63699.861879
9	1	1.008	123566.857439
10	1	1.008	210035.379662
11	1	1.008	270613.093808
12	1	1.008	386554.649185
13	1	1.008	389796.271226
14	1	1.008	749056.391840
15	1	1.008	1511234.321088
16	1	1.008	859625.584210
17	1	1.008	377743.617538
18	1	1.008	546529.736754
19	1	1.008	662938.348786
20	1	1.008	666464.946421
21	1	1.008	737227.430384
22	1	1.008	532944.948425
23	1	1.008	275840.846171
24	1	1.008	196479.951559
25	1	1.008	0.000000
26	1	1.008	0.000000
27	1	1.008	0.000000
28	2	4.003	0.000000
29	2	4.003	0.000000
30	2	4.003	2290.362435
31	2	4.003	3689.685249
32	2	4.003	4638.215493
33	2	4.003	6250.536157
34	2	4.003	7861.526297
35	2	4.003	11119.261056
36	2	4.003	15851.860191
37	2	4.003	33326.337458
38	2	4.003	86614.478138
39	2	4.003	162650.057104
40	2	4.003	183004.379983
41	2	4.003	206234.092484
42	2	4.003	362430.748045
43	2	4.003	177742.375756
44	2	4.003	36333.426899
45	2	4.003	0.000000
46	2	4.003	93290.862777
47	2	4.003	77917.495669
48	2	4.003	79401.895014
49	2	4.003	53745.714184
50	2	4.003	25701.054912
51	2	4.003	15067.767781
52	2	4.003	0.000000
53	2	4.003	0.000000
54	2	4.003	0.000000
55	8	15.999	0.000000
56	8	15.999	0.000000
57	8	15.999	24.637648
58	8	15.999	57.322110
59	8	15.999	89.048890
60	8	15.999	128.527101
61	8	15.999	184.986005
62	8	15.999	264.319570
63	8	15.999	404.935001
64	8	15.999	604.577394
65	8	15.999	1838.182380
66	8	15.999	4573.163289
67	8	15.999	4733.315753
68	8	15.999	10551.303401
69	8	15.999	8158.560614
70	8	15.999	7662.043317
71	8	15.999	19501.173984
72	8	15.999	0.000000
73	8	15.999	10652.120210
74	8	15.999	6438.819093
75	8	15.999	6417.922378
76	8	15.999	17661.670480
77	8	15.999	16443.669904
78	8	15.999	13085.931535
79	8	15.999	1800.100235
80	8	15.999	0.000000
81	8	15.999	0.000000
82	8	15.999	0.000000
83	26	55.845	0.000000
84	26	55.845	3.094174
85	26	55.845	9.626227
86	26	55.845	34.148084
87	26	55.845	64.700224
88	26	55.845	102.259762
89	26	55.845	323.663133
90	26	55.845	679.211451
91	26	55.845	517.172517
92	26	55.845	455.773309
93	26	55.845	1310.171548
94	26	55.845	1265.001232
95	26	55.845	2876.068129
96	26	55.845	510.297713
97	26	55.845	76.703926
98	26	55.845	0.000000
99	26	55.845	0.000000
100	26	55.845	1237.897212
101	26	55.845	718.140564
102	26	55.845	0.000000
103	26	55.845	0.000000
104	26	55.845	0.000000
105	26	55.845	0.000000
106	26	55.845	0.000000
107	3	6.941	0.000000
108	3	6.941	0.000000
109	3	6.941	12.041308
110	3	6.941	32.120158
111	3	6.941	44.839304
112	3	6.941	26.010398
113	3	6.941	25.765785
114	3	6.941	44.316348
115	4	9.012	0.000000
116	4	9.012	3.740178
117	4	9.012	6.671340
118	4	9.012	15.347167
119	4	9.012	20.688917
120	4	9.012	17.848400
121	4	9.012	12.535815
122	4	9.012	20.599476
123	4	9.012	18.220463
124	5	10.811	0.000000
125	5	10.811	4.195760
126	5	10.811	1.800496
127	5	10.811	29.647717
128	5	10.811	44.491413
129	5	10.811	60.080077
130	5	10.811	33.141663
131	5	10.811	43.511199
132	5	10.811	132.543373
133	6	12.011	0.000000
134	6	12.011	0.000000
135	6	12.011	23.930610
136	6	12.011	59.707567
137	6	12.011	96.969061
138	6	12.011	188.647595
139	6	12.011	400.115712
140	6	12.011	714.817764
141	6	12.011	6097.330938
142	7	14.007	0.000000
143	7	14.007	1.923984
144	7	14.007	4.461170
145	7	14.007	14.636918
146	7	14.007	26.222468
147	7	14.007	38.334040
148	7	14.007	57.071528
149	7	14.007	59.174076
150	7	14.007	69.423879
151	7	14.007	136.554443
152	9	18.998	0.000000
153	9	18.998	0.272865
154	9	18.998	0.213407
155	9	18.998	0.790070
156	9	18.998	1.748574
157	9	18.998	3.904910
158	9	18.998	3.382229
159	9	18.998	3.114361
160	9	18.998	4.922873
161	10	20.180	0.000000
162	10	20.180	2.058603
163	10	20.180	2.159995
164	10	20.180	9.035121
165	10	20.180	13.066093
166	10	20.180	32.843072
167	10	20.180	56.776060
168	10	20.180	87.067585
169	10	20.180	163.702411
170	11	22.990	0.000000
171	11	22.990	0.628663
172	11	22.990	0.324579
173	11	22.990	1.585677
174	11	22.990	3.251267
175	11	22.990	6.029862
176	11	22.990	7.368073
177	11	22.990	7.543450
178	11	22.990	9.487420
179	12	24.305	0.000000
180	12	24.305	3.647652
181	12	24.305	3.028748
182	12	24.305	12.315311
183	12	24.305	16.252717
184	12	24.305	38.727820
185	12	24.305	69.841880
186	12	24.305	104.424539
187	12	24.305	184.476290
188	13	26.982	0.000000
189	13	26.982	0.000000
190	13	26.982	0.536415
191	13	26.982	1.611832
192	13	26.982	3.525403
193	13	26.982	7.170394
194	13	26.982	10.391704
195	13	26.982	13.736928
196	13	26.982	22.106606
197	14	28.085	0.000000
198	14	28.085	1.267490
199	14	28.085	2.298021
200	14	28.085	9.029494
201	14	28.085	11.998979
202	14	28.085	29.334960
203	14	28.085	61.777595
204	14	28.085	98.921926
205	14	28.085	165.411673
206	15	30.974	0.000000
207	15	30.974	0.000000
208	15	30.974	0.064851
209	15	30.974	0.205655
210	15	30.974	0.716338
211	15	30.974	1.099988
212	15	30.974	1.431298
213	15	30.974	1.239340
214	16	32.065	0.000000
215	16	32.065	2.605736
216	16	32.065	0.000000
217	16	32.065	1.614855
218	16	32.065	2.437981
219	16	32.065	6.237901
220	16	32.065	11.009879
221	16	32.065	18.272905
222	16	32.065	27.328156
223	17	35.453	0.000000
224	17	35.453	0.378121
225	17	35.453	0.000000
226	17	35.453	0.225046
227	17	35.453	0.619458
228	17	35.453	1.254673
229	17	35.453	1.254220
230	17	35.453	1.113951
231	18	39.948	0.000000
232	18	39.948	0.000000
233	18	39.948	0.000000
234	18	39.948	0.442520
235	18	39.948	1.279726
236	18	39.948	2.515647
237	18	39.948	2.418462
238	18	39.948	2.668951
239	19	39.098	0.000000
240	19	39.098	1.345005
241	19	39.098	0.000000
242	19	39.098	0.368602
243	19	39.098	1.048454
244	19	39.098	1.371909
245	19	39.098	1.730127
246	19	39.098	1.406500
247	20	40.078	0.000000
248	20	40.078	2.417705
249	20	40.078	0.000000
250	20	40.078	1.234391
251	20	40.078	2.361679
252	20	40.078	3.034658
253	20	40.078	4.494914
254	20	40.078	4.369309
255	21	44.956	0.000000
256	21	44.956	0.000000
257	21	44.956	0.000000
258	21	44.956	0.228538
259	21	44.956	0.509081
260	21	44.956	0.734010
261	21	44.956	0.763901
262	21	44.956	0.727470
263	22	47.867	0.000000
264	22	47.867	0.000000
265	22	47.867	0.000000
266	22	47.867	0.906119
267	22	47.867	1.544338
268	22	47.867	2.579711
269	22	47.867	2.532309
270	22	47.867	2.831908
271	22	47.867	2.812175
272	23	50.941	0.000000
273	23	50.941	0.000000
274	23	50.941	0.000000
275	23	50.941	0.420622
276	23	50.941	0.742153
277	23	50.941	1.214426
278	23	50.941	1.550967
279	23	50.941	1.365818
280	24	51.996	0.000000
281	24	51.996	0.000000
282	24	51.996	0.000000
283	24	51.996	0.917797
284	24	51.996	1.284589
285	24	51.996	2.870012
286	24	51.996	2.336343
287	24	51.996	4.425018
288	24	51.996	4.251790
289	25	54.938	0.000000
290	25	54.938	0.000000
291	25	54.938	0.000000
292	25	54.938	0.562406
293	25	54.938	0.777198
294	25	54.938	1.740015
295	25	54.938	2.644637
296	25	54.938	2.633309
297	27	58.933	0.000000
298	27	58.933	0.000000
299	27	58.933	0.000000
300	27	58.933	0.033781
301	27	58.933	0.054379
302	27	58.933	0.081303
303	27	58.933	0.153499
304	27	58.933	0.146955
305	28	58.693	0.000000
306	28	58.693	0.000000
307	28	58.693	0.000000
308	28	58.693	0.310375
309	28	58.693	0.377841
310	28	58.693	1.186353
311	28	58.693	2.086221
312	28	58.693	5.067322
313	1	2.014	0.000000
314	1	2.014	548.973496
315	1	2.014	539.008142
316	1	2.014	716.833124
317	1	2.014	833.581390
318	1	2.014	915.343910
319	1	2.014	970.662601
320	1	2.014	999.476109
