#i	Z	A	value [1/(GV.m2.sr.s)]
0	1	1.008	0.000000
1	1	1.008	11223.668526
2	1	1.008	15013.754074
3	1	1.008	21033.447946
4	1	1.008	27738.127322
5	1	1.008	34116.186138
6	1	1.008	39136.836830
7	1	1.008	47375.400183
8	1	1.008	63669.352918
9	1	1.008	123549.242762
10	1	1.008	210403.983454
11	1	1.008	270625.354456
12	1	1.008	389075.630796
13	1	1.008	393966.677701
14	1	1.008	759364.690154
15	1	1.008	1428017.966415
16	1	1.008	766652.569170
17	1	1.008	452405.166607
18	1	1.008	504307.904414
19	1	1.008	587547.384268
20	1	1.008	880296.860915
21	1	1.008	733452.452012
22	1	1.008	592584.716191
23	1	1.008	164924.277290
24	1	1.008	107722.894156
25	1	1.008	58984.542468
26	1	1.008	0.000000
27	1	1.008	0.000000
28	2	4.003	0.000000
29	2	4.003	0.000000
30	2	4.003	1995.189548
31	2	4.003	3409.844561
32	2	4.003	4459.662560
33	2	4.003	6141.758357
34	2	4.003	7822.694521
35	2	4.003	11119.921261
36	2	4.003	15871.178679
37	2	4.003	33439.583482
38	2	4.003	87042.927621
39	2	4.003	161887.577687
40	2	4.003	193746.885949
41	2	4.003	222151.051294
42	2	4.003	393674.304956
43	2	4.003	157749.146855
44	2	4.003	44584.777989
45	2	4.003	0.000000
46	2	4.003	117893.732342
47	2	4.003	142629.135740
48	2	4.003	150563.977412
49	2	4.003	185246.423987
50	2	4.003	183152.104590
51	2	4.003	88933.868496
52	2	4.003	0.000000
53	2	4.003	0.000000
54	2	4.003	0.000000
55	8	15.999	0.000000
56	8	15.999	0.000000
57	8	15.999	22.902437
58	8	15.999	50.613360
59	8	15.999	82.762896
60	8	15.999	123.396431
61	8	15.999	181.763140
62	8	15.999	262.639511
63	8	15.999	404.630744
64	8	15.999	604.348591
65	8	15.999	1839.860309
66	8	15.999	4574.529390
67	8	15.999	4669.270095
68	8	15.999	10388.165872
69	8	15.999	7043.049469
70	8	15.999	9245.624220
71	8	15.999	17550.068606
72	8	15.999	4996.960997
73	8	15.999	9598.048346
74	8	15.999	4701.695439
75	8	15.999	3246.194886
76	8	15.999	12833.000152
77	8	15.999	15755.077028
78	8	15.999	16038.005034
79	8	15.999	1608.948823
80	8	15.999	0.000000
81	8	15.999	0.000000
82	8	15.999	0.000000
83	26	55.845	0.000000
84	26	55.845	2.559391
85	26	55.845	9.276496
86	26	55.845	33.869275
87	26	55.845	64.614218
88	26	55.845	101.942193
89	26	55.845	324.849042
90	26	55.845	666.143094
91	26	55.845	502.221798
92	26	55.845	635.707909
93	26	55.845	1161.159857
94	26	55.845	1420.182740
95	26	55.845	2555.578715
96	26	55.845	263.528247
97	26	55.845	45.504139
98	26	55.845	0.000000
99	26	55.845	0.000000
100	26	55.845	625.126080
101	26	55.845	602.038140
102	26	55.845	0.000000
103	26	55.845	0.000000
104	26	55.845	0.000000
105	26	55.845	0.000000
106	26	55.845	0.000000
107	3	6.941	0.000000
108	3	6.941	0.000000
109	3	6.941	10.702187
110	3	6.941	30.774782
111	3	6.941	44.430540
112	3	6.941	26.129346
113	3	6.941	25.656479
114	3	6.941	44.349712
115	4	9.012	0.000000
116	4	9.012	2.880395
117	4	9.012	5.984468
118	4	9.012	14.700736
119	4	9.012	20.509301
120	4	9.012	17.813170
121	4	9.012	12.529428
122	4	9.012	20.600008
123	4	9.012	18.216452
124	5	10.811	0.000000
125	5	10.811	2.959736
126	5	10.811	2.172392
127	5	10.811	27.057913
128	5	10.811	42.685916
129	5	10.811	59.535859
130	5	10.811	33.447166
131	5	10.811	43.135153
132	5	10.811	132.865239
133	6	12.011	0.000000
134	6	12.011	0.000000
135	6	12.011	22.775863
136	6	12.011	52.383441
137	6	12.011	89.981807
138	6	12.011	185.585403
139	6	12.011	402.010052
140	6	12.011	711.517650
141	6	12.011	6096.052691
142	7	14.007	0.000000
143	7	14.007	1.652359
144	7	14.007	4.102466
145	7	14.007	13.293366
146	7	14.007	24.270831
147	7	14.007	36.778921
148	7	14.007	56.485131
149	7	14.007	59.301964
150	7	14.007	69.279362
151	7	14.007	136.628568
152	9	18.998	0.000000
153	9	18.998	0.191928
154	9	18.998	0.188519
155	9	18.998	0.731788
156	9	18.998	1.616448
157	9	18.998	3.844615
158	9	18.998	3.412486
159	9	18.998	3.081952
160	9	18.998	4.937884
161	10	20.180	0.000000
162	10	20.180	1.408466
163	10	20.180	2.085870
164	10	20.180	8.159613
165	10	20.180	12.108593
166	10	20.180	32.263174
167	10	20.180	56.940709
168	10	20.180	86.917612
169	10	20.180	164.025633
170	11	22.990	0.000000
171	11	22.990	0.398099
172	11	22.990	0.306759
173	11	22.990	1.460980
174	11	22.990	3.011151
175	11	22.990	5.957289
176	11	22.990	7.377877
177	11	22.990	7.539805
178	11	22.990	9.504715
179	12	24.305	0.000000
180	12	24.305	2.313844
181	12	24.305	2.933068
182	12	24.305	11.065533
183	12	24.305	15.053503
184	12	24.305	38.087530
185	12	24.305	69.972688
186	12	24.305	104.352053
187	12	24.305	184.835848
188	13	26.982	0.000000
189	13	26.982	0.000000
190	13	26.982	0.489370
191	13	26.982	1.475202
192	13	26.982	3.270073
193	13	26.982	7.070671
194	13	26.982	10.405902
195	13	26.982	13.733997
196	13	26.982	22.143908
197	14	28.085	0.000000
198	14	28.085	0.817958
199	14	28.085	2.244741
200	14	28.085	8.101524
201	14	28.085	11.130124
202	14	28.085	28.824530
203	14	28.085	61.849116
204	14	28.085	98.921145
205	14	28.085	165.734618
206	15	30.974	0.000000
207	15	30.974	0.000000
208	15	30.974	0.052900
209	15	30.974	0.200480
210	15	30.974	0.648014
211	15	30.974	1.066115
212	15	30.974	1.432310
213	15	30.974	1.238849
214	16	32.065	0.000000
215	16	32.065	0.426469
216	16	32.065	0.249997
217	16	32.065	1.351456
218	16	32.065	2.307982
219	16	32.065	6.094491
220	16	32.065	11.189551
221	16	32.065	18.188675
222	16	32.065	27.587057
223	17	35.453	0.000000
224	17	35.453	0.213857
225	17	35.453	0.000000
226	17	35.453	0.218243
227	17	35.453	0.557804
228	17	35.453	1.216159
229	17	35.453	1.256466
230	17	35.453	1.113875
231	18	39.948	0.000000
232	18	39.948	0.000000
233	18	39.948	0.000000
234	18	39.948	0.431830
235	18	39.948	1.150270
236	18	39.948	2.444855
237	18	39.948	2.423515
238	18	39.948	2.670836
239	19	39.098	0.000000
240	19	39.098	0.684429
241	19	39.098	0.000000
242	19	39.098	0.356536
243	19	39.098	0.948484
244	19	39.098	1.334830
245	19	39.098	1.730475
246	19	39.098	1.406133
247	20	40.078	0.000000
248	20	40.078	1.493211
249	20	40.078	0.000000
250	20	40.078	1.172745
251	20	40.078	2.101328
252	20	40.078	2.998650
253	20	40.078	4.434691
254	20	40.078	4.378199
255	21	44.956	0.000000
256	21	44.956	0.000000
257	21	44.956	0.000000
258	21	44.956	0.219360
259	21	44.956	0.456861
260	21	44.956	0.718393
261	21	44.956	0.761177
262	21	44.956	0.728059
263	22	47.867	0.000000
264	22	47.867	0.000000
265	22	47.867	0.000000
266	22	47.867	0.857619
267	22	47.867	1.369280
268	22	47.867	2.544493
269	22	47.867	2.532832
270	22	47.867	2.821605
271	22	47.867	2.809239
272	23	50.941	0.000000
273	23	50.941	0.000000
274	23	50.941	0.000000
275	23	50.941	0.397587
276	23	50.941	0.660381
277	23	50.941	1.191166
278	23	50.941	1.539179
279	23	50.941	1.366943
280	24	51.996	0.000000
281	24	51.996	0.000000
282	24	51.996	0.000000
283	24	51.996	0.862199
284	24	51.996	1.130237
285	24	51.996	2.819047
286	24	51.996	2.348158
287	24	51.996	4.406067
288	24	51.996	4.248135
289	25	54.938	0.000000
290	25	54.938	0.000000
291	25	54.938	0.000000
292	25	54.938	0.527367
293	25	54.938	0.681178
294	25	54.938	1.706958
295	25	54.938	2.610239
296	25	54.938	2.637464
297	27	58.933	0.000000
298	27	58.933	0.000000
299	27	58.933	0.000000
300	27	58.933	0.031792
301	27	58.933	0.048360
302	27	58.933	0.079772
303	27	58.933	0.152039
304	27	58.933	0.146810
305	28	58.693	0.000000
306	28	58.693	0.000000
307	28	58.693	0.000000
308	28	58.693	0.289805
309	28	58.693	0.331210
310	28	58.693	1.173588
311	28	58.693	2.084140
312	28	58.693	5.052200
313	1	2.014	0.000000
314	1	2.014	482.199134
315	1	2.014	496.071414
316	1	2.014	688.903701
317	1	2.014	813.337819
318	1	2.014	902.523886
319	1	2.014	959.614446
320	1	2.014	991.140027
